2891.930419921875
108.25996398925781
41.919219970703125
28.19226837158203
16.457210540771484
14.483843803405762
8.31308650970459
9.274876594543457
4.787594795227051
7.071953296661377
5.084476470947266
4.885411739349365
3.4276745319366455
3.4614667892456055
3.8399128913879395
3.171574354171753
2.840900182723999
1.6568020582199097
1.5287519693374634
2.108536720275879
1.777862310409546
2.334404230117798
1.5927770137786865
1.214331030845642
2.5370283126831055
0.6915814876556396
1.0222558975219727
1.4169552326202393
1.7476296424865723
0.917448878288269
1.6498122215270996
0.7963885068893433
0.4587244391441345
1.1270627975463867
1.69059419631958
0.19207514822483063
1.1980775594711304
0.23285707831382751
0.46571415662765503
0.8534238338470459
0.16883201897144318
0.0
0.4587244391441345
0.5635313987731934
1.4169552326202393
0.5064960718154907
0.29688212275505066
0.6985712051391602
0.4016890823841095
0.29688212275505066
0.5635313987731934
0.8604135513305664
0.16883201897144318
1.5787975788116455
0.4587244391441345
1.5287519693374634
0.5635313987731934
1.255112886428833
0.0
0.4587244391441345
0.5635313987731934
0.3946993947029114
0.4587244391441345
0.8534238338470459
0.9582307934761047
0.6275564432144165
0.7323634624481201
0.6915814876556396
0.23285707831382751
0.4587244391441345
1.0222558975219727
0.16883201897144318
1.1840981245040894
0.3946993947029114
0.29688212275505066
0.8534238338470459
0.3946993947029114
1.0222558975219727
0.6275564432144165
1.3529301881790161
0.4587244391441345
1.0222558975219727
0.5635313987731934
1.1840981245040894
0.0
0.5064960718154907
0.9081851840019226
1.1270627975463867
0.0
0.5635313987731934
0.5635313987731934
1.070027470588684
0.5635313987731934
0.5705211162567139
0.8534238338470459
1.9164615869522095
0.3946993947029114
2.5370283126831055
3.0575039386749268
9.829144477844238
