0.002501892624422908
0.0012566257501021028
0.0014912988990545273
0.000847302726469934
0.0009246237459592521
0.0006526450742967427
0.0009559904574416578
0.0010619681561365724
0.0004579874512273818
0.000583972898311913
0.0005353084998205304
0.0004093230527359992
0.0007499739294871688
0.0006926606292836368
0.00038931527524255216
0.0004293308302294463
0.0006326372968032956
0.00038931527524255216
0.0006039806758053601
0.0004579874512273818
0.0006039806758053601
0.0006813016952946782
0.0006039806758053601
0.0006526450742967427
0.0006813016952946782
0.0006726528517901897
0.0005353084998205304
0.0004579874512273818
0.00036065862514078617
0.0006326372968032956
0.0006039806758053601
0.0002919864491559565
0.00038931527524255216
0.000583972898311913
0.000583972898311913
0.0003406508476473391
0.00043797967373393476
0.0004579874512273818
0.00038066640263423324
0.00019465763762127608
0.00043797967373393476
0.00031199422664940357
0.00038931527524255216
0.0004093230527359992
0.00031199422664940357
0.00043797967373393476
0.00031199422664940357
0.00031199422664940357
0.0005553162773139775
0.000506651820614934
0.00048664407222531736
0.00016600100207142532
0.0005353084998205304
0.0003406508476473391
0.0006039806758053601
0.00043797967373393476
0.0004093230527359992
0.0007786305504851043
0.0004093230527359992
0.0004579874512273818
0.000506651820614934
0.0006813016952946782
0.0004579874512273818
0.0008272949489764869
0.0006326372968032956
0.0006326372968032956
0.0007299661519937217
0.0008186461054719985
0.0011392891174182296
0.0009646393009461462
0.0009159749024547637
0.000847302726469934
0.0008873182814568281
0.0013252978678792715
0.0006039806758053601
0.0009359826799482107
0.001033311476930976
0.0010419603204354644
0.0005953318323008716
0.0011592969531193376
0.0009446315234526992
0.0013252978678792715
0.0012652745936065912
0.0011879535159096122
0.0017919342499226332
0.0019292786018922925
0.0022299138363450766
0.0017059643287211657
0.002318593906238675
0.0026219391729682684
0.003243217710405588
0.0037725872825831175
0.0044111632741987705
0.006065753288567066
0.006369099020957947
0.006967140827327967
0.009818333201110363
0.01630476862192154
0.03227107599377632
2.4205033779144287
