61827.66015625
2526.95458984375
1135.62548828125
556.5316772460938
378.54180908203125
295.81414794921875
200.5519561767578
190.52435302734375
160.44155883789062
122.83807373046875
102.78287506103516
77.71388244628906
110.30357360839844
77.71388244628906
77.71388244628906
70.19318389892578
45.12419128417969
50.13798904418945
67.68628692626953
42.61729049682617
42.61729049682617
57.658687591552734
40.110389709472656
30.082794189453125
20.055194854736328
37.603492736816406
30.082794189453125
15.041397094726562
15.041397094726562
25.068994522094727
17.548295974731445
17.548295974731445
35.09659194946289
5.013798713684082
17.548295974731445
5.013798713684082
12.534497261047363
25.068994522094727
10.027597427368164
17.548295974731445
7.520698547363281
12.534497261047363
10.027597427368164
20.055194854736328
20.055194854736328
7.520698547363281
12.534497261047363
35.09659194946289
22.562095642089844
17.548295974731445
7.520698547363281
15.041397094726562
12.534497261047363
15.041397094726562
10.027597427368164
10.027597427368164
12.534497261047363
12.534497261047363
15.041397094726562
7.520698547363281
2.506899356842041
17.548295974731445
10.027597427368164
12.534497261047363
7.520698547363281
12.534497261047363
2.506899356842041
22.562095642089844
22.562095642089844
12.534497261047363
5.013798713684082
7.520698547363281
7.520698547363281
7.520698547363281
5.013798713684082
5.013798713684082
5.013798713684082
2.506899356842041
2.506899356842041
5.013798713684082
12.534497261047363
12.534497261047363
15.041397094726562
20.055194854736328
5.013798713684082
20.055194854736328
5.013798713684082
10.027597427368164
12.534497261047363
17.548295974731445
12.534497261047363
7.520698547363281
20.055194854736328
7.520698547363281
17.548295974731445
35.09659194946289
35.09659194946289
22.562095642089844
22.562095642089844
130.3587646484375
