371621.5625
19647.568359375
7321.9306640625
3910.8818359375
2429.297119140625
1848.845703125
1314.9735107421875
1021.1647338867188
815.1402587890625
709.4407958984375
614.4903564453125
480.1265869140625
465.7944641113281
424.5895690917969
333.2221984863281
306.34942626953125
297.391845703125
204.2329559326172
223.93963623046875
193.4838409423828
168.40260314941406
143.3213653564453
182.7347412109375
166.61109924316406
111.07405853271484
152.27896118164062
125.40619659423828
103.90798950195312
148.6959228515625
91.36737060546875
87.78433990478516
114.65709686279297
75.24372100830078
73.45220184326172
78.82675170898438
78.82675170898438
73.45220184326172
80.61827087402344
68.07765197753906
69.86917114257812
50.162479400634766
59.12006378173828
84.20130157470703
73.45220184326172
59.12006378173828
59.12006378173828
73.45220184326172
55.53702926635742
44.78792953491211
55.53702926635742
51.95399475097656
66.2861328125
53.745513916015625
50.162479400634766
41.20489501953125
50.162479400634766
46.579444885253906
41.20489501953125
25.081239700317383
51.95399475097656
35.83034133911133
32.24730682373047
32.24730682373047
35.83034133911133
39.41337585449219
35.83034133911133
35.83034133911133
37.62186050415039
42.99641036987305
37.62186050415039
35.83034133911133
23.289722442626953
30.455791473388672
30.455791473388672
28.664274215698242
17.915170669555664
21.498205184936523
42.99641036987305
32.24730682373047
26.872756958007812
30.455791473388672
25.081239700317383
30.455791473388672
39.41337585449219
44.78792953491211
35.83034133911133
26.872756958007812
37.62186050415039
35.83034133911133
37.62186050415039
30.455791473388672
37.62186050415039
16.123653411865234
46.579444885253906
44.78792953491211
53.745513916015625
57.328548431396484
60.911582946777344
85.9928207397461
186.31777954101562
