184327.5
7540.35302734375
1752.6820068359375
689.0443115234375
575.016845703125
528.8140869140625
485.6727294921875
445.59271240234375
408.57415771484375
374.6170349121094
343.7213134765625
315.8869934082031
291.1141052246094
269.402587890625
250.7525177001953
235.16384887695312
222.6365966796875
213.17074584960938
206.76634216308594
202.97669982910156
199.80238342285156
196.68399047851562
193.6215362548828
190.61500549316406
187.6643829345703
184.7696990966797
181.93092346191406
179.14808654785156
176.42117309570312
173.75015258789062
171.1350860595703
168.575927734375
166.07269287109375
163.62538146972656
161.23399353027344
158.89852905273438
156.61898803710938
154.39537048339844
152.2276611328125
150.1158905029297
148.06002807617188
146.0601043701172
144.11610412597656
142.22801208496094
140.39584350585938
138.61961364746094
136.8992919921875
135.2349090576172
133.6264190673828
132.07386779785156
130.57723999023438
129.13653564453125
127.75175476074219
126.42288970947266
125.14995574951172
123.93293762207031
122.77184295654297
121.66667175292969
120.61742401123047
119.62409973144531
118.68669891357422
117.80521392822266
116.97966003417969
116.21001434326172
115.49629974365234
114.83851623535156
114.23664093017578
113.69070434570312
113.20067596435547
112.76657104492188
112.38838958740234
112.0661392211914
111.7998046875
111.58939361572266
111.43489837646484
111.33634185791016
111.29369354248047
111.30697631835938
111.37617492675781
111.50129699707031
111.68234252929688
111.9193115234375
112.21220397949219
112.5610122680664
112.96575164794922
113.4264144897461
113.9429931640625
114.51549530029297
115.1439208984375
115.8282699584961
116.56854248046875
117.36473083496094
118.21685028076172
119.12488555908203
120.0888442993164
121.10873413085938
122.18453216552734
123.3162612915039
124.50391387939453
125.74748229980469
