10020.413871765137
327.2588549256325
322.8846362531185
3.7133260369300842
1.2604653537273407
1.4728899002075195
0.7364449501037598
1.666830152273178
1277.560073941946
0.0
0.13100509345531464
0.5240203738212585
0.2620101869106293
0.0
0.4744347482919693
318.5532531738281
0.13100509345531464
0.3930152952671051
0.13100509345531464
0.3930152952671051
0.7179606556892395
0.2620101869106293
0.2620101869106293
0.13100509345531464
0.13100509345531464
0.0
0.13100509345531464
0.0
0.0
0.13100509345531464
0.0
0.0
0.13100509345531464
0.13100509345531464
0.34342965483665466
0.0
0.0
0.0
0.13100509345531464
0.0
0.0
0.2620101869106293
0.0
0.0
0.13100509345531464
0.13100509345531464
0.0
0.0
0.13100509345531464
0.7179606556892395
0.0
0.0
0.0
0.0
0.7179606556892395
0.0
0.0
0.0
0.0
0.7179606556892395
0.13100509345531464
0.0
0.0
0.0
0.0
0.0
0.0
0.0
0.0
0.0
0.0
0.0
0.0
0.0
0.0
0.0
0.0
0.0
0.0
0.0
0.0
0.0
0.0
0.0
0.0
0.0
0.0
0.34342965483665466
0.0
0.0
0.0
0.0
0.0
0.0
0.13100509345531464
0.0
0.13100509345531464
0.0
0.0
0.13100509345531464
