120.62522888183594
15.80933666229248
2.944500207901001
2.0912396907806396
1.588356852531433
1.1893255710601807
0.8941460847854614
0.7028182744979858
0.6097238659858704
0.5555458664894104
0.5046818852424622
0.4566475450992584
0.4114427864551544
0.3690677583217621
0.32952234148979187
0.29280659556388855
0.25892049074172974
0.22786404192447662
0.1996372491121292
0.1742401123046875
0.1516726166009903
0.13193479180335999
0.11502660065889359
0.10094806551933289
0.08969918638467789
0.08127996325492859
0.0756903886795044
0.0729304626584053
0.07299736887216568
0.07509608566761017
0.07734513282775879
0.0794723853468895
0.08147784322500229
0.08336149901151657
0.08512335270643234
0.0867634043097496
0.08828166872262955
0.08967813104391098
0.0909527838230133
0.09210564941167831
0.09313671290874481
0.0940459743142128
0.09483344107866287
0.09549911320209503
0.09604297578334808
0.09646505117416382
0.09676530957221985
0.09694378077983856
0.09700045734643936
0.09693532437086105
0.09674840420484543
0.0964396744966507
0.09600915759801865
0.09545683115720749
0.09478271007537842
0.09398678690195084
0.09306906908750534
0.09202954918146133
0.09086823463439941
0.08958511799573898
0.08818020671606064
0.08665348589420319
0.08500497788190842
0.08323466032743454
0.08134255558252335
0.07932864129543304
0.07719293236732483
0.0749354287981987
0.07255612313747406
0.07005501538515091
0.06743210554122925
0.06468740850687027
0.06182090565562248
0.05883260443806648
0.05572250857949257
0.052490610629320145
0.04913691058754921
0.04566141217947006
0.0420641154050827
0.03834502398967743
0.034504130482673645
0.03054143860936165
0.02645694836974144
0.02225065790116787
0.017922569066286087
0.013472681865096092
0.00890099536627531
0.004207510035485029
-0.0006077741272747517
-0.0055448575876653194
-0.010603739880025387
-0.01578442007303238
-0.021086901426315308
-0.0265111792832613
-0.0320572555065155
-0.03772513195872307
-0.043514810502529144
-0.049426283687353134
-0.055459555238485336
-0.06161462888121605
