0.5324416756629944
0.6541702747344971
0.692858099937439
0.6479180455207825
0.7910746335983276
0.5386938452720642
0.5794658660888672
0.5988098382949829
0.44464555382728577
0.5752977132797241
0.5386938452720642
0.562205970287323
0.37410929799079895
0.2973208427429199
0.48541751503944397
0.5068455338478088
0.5303575992584229
0.6202378273010254
0.30357304215431213
0.4812493920326233
0.348513126373291
0.21160875260829926
0.3208329379558563
0.5303575992584229
0.5559537410736084
0.5282735824584961
0.27589282393455505
0.4404774010181427
0.692858099937439
0.46607357263565063
0.6202378273010254
0.3464290499687195
0.3997054398059845
0.5345257520675659
0.3892851173877716
0.5345257520675659
0.6458339691162109
0.5690455436706543
0.48541751503944397
0.5089296102523804
0.9196427464485168
0.46190544962882996
0.46607357263565063
0.7101180553436279
0.36785709857940674
0.5345257520675659
0.5517856478691101
0.46607357263565063
0.6949422359466553
0.6416658759117126
0.6223218441009521
0.5303575992584229
0.697026252746582
0.6520861387252808
0.5089296102523804
0.36785709857940674
0.9196427464485168
0.9044668674468994
0.7440505027770996
0.8020823001861572
0.9624987840652466
0.5988098382949829
1.1464273929595947
0.7122020721435547
0.7398823499679565
0.9175586700439453
0.9901789426803589
0.8276784420013428
0.9002987742424011
0.6202378273010254
0.7827383279800415
1.4223201274871826
1.1443432569503784
1.0413713455200195
1.285415768623352
1.313096046447754
1.3151800632476807
1.174107551574707
1.4050602912902832
1.4437482357025146
1.5419646501541138
1.5738129615783691
1.69821298122406
2.2991068363189697
2.2181503772735596
2.066070079803467
2.420835494995117
3.090768814086914
3.0866007804870605
3.6744027137756348
4.2925567626953125
4.302976608276367
5.004171371459961
6.591663360595703
7.744342803955078
9.866360664367676
13.792235374450684
19.962177276611328
39.701416015625
1089.1988525390625
