2421.97119140625
371.7032775878906
153.40135192871094
97.3508529663086
82.60072326660156
47.20041275024414
38.350337982177734
32.45028305053711
26.550233840942383
11.800103187561035
17.70015525817871
23.60020637512207
17.70015525817871
5.900051593780518
20.65018081665039
8.850077629089355
8.850077629089355
8.850077629089355
14.750129699707031
5.900051593780518
2.950025796890259
11.800103187561035
14.750129699707031
0.0
8.850077629089355
0.0
11.800103187561035
0.0
2.950025796890259
2.950025796890259
5.900051593780518
5.900051593780518
2.950025796890259
2.950025796890259
2.950025796890259
5.900051593780518
17.70015525817871
2.950025796890259
0.0
5.900051593780518
2.950025796890259
5.900051593780518
2.950025796890259
2.950025796890259
11.800103187561035
0.0
0.0
0.0
2.950025796890259
0.0
0.0
2.950025796890259
5.900051593780518
0.0
0.0
2.950025796890259
2.950025796890259
2.950025796890259
0.0
2.950025796890259
0.0
0.0
0.0
0.0
2.950025796890259
2.950025796890259
0.0
8.850077629089355
0.0
2.950025796890259
0.0
2.950025796890259
0.0
2.950025796890259
0.0
2.950025796890259
8.850077629089355
2.950025796890259
2.950025796890259
0.0
2.950025796890259
2.950025796890259
0.0
2.950025796890259
0.0
0.0
0.0
0.0
0.0
0.0
8.850077629089355
0.0
5.900051593780518
5.900051593780518
0.0
2.950025796890259
8.850077629089355
2.950025796890259
11.800103187561035
35.40031051635742
