30598.896484375
5347.7666015625
2221.598876953125
1092.309814453125
833.4551391601562
605.8905639648438
384.0151672363281
358.4141540527344
284.4556884765625
221.87542724609375
147.9169464111328
147.9169464111328
170.67340087890625
122.3159408569336
99.55948638916016
108.09315490722656
91.02581787109375
71.11392211914062
65.4248046875
54.04657745361328
45.512908935546875
88.18125915527344
54.04657745361328
51.202022552490234
48.35746383666992
54.04657745361328
19.911897659301758
34.134681701660156
54.04657745361328
31.290124893188477
36.9792366027832
25.601011276245117
25.601011276245117
28.445568084716797
19.911897659301758
17.067340850830078
14.222784042358398
17.067340850830078
28.445568084716797
25.601011276245117
25.601011276245117
42.66835021972656
28.445568084716797
14.222784042358398
17.067340850830078
19.911897659301758
22.756454467773438
31.290124893188477
14.222784042358398
0.0
19.911897659301758
36.9792366027832
11.378227233886719
22.756454467773438
14.222784042358398
17.067340850830078
17.067340850830078
17.067340850830078
2.8445568084716797
17.067340850830078
5.689113616943359
22.756454467773438
25.601011276245117
19.911897659301758
19.911897659301758
8.533670425415039
11.378227233886719
19.911897659301758
2.8445568084716797
2.8445568084716797
17.067340850830078
17.067340850830078
17.067340850830078
5.689113616943359
19.911897659301758
17.067340850830078
14.222784042358398
14.222784042358398
19.911897659301758
14.222784042358398
11.378227233886719
8.533670425415039
11.378227233886719
11.378227233886719
19.911897659301758
11.378227233886719
8.533670425415039
19.911897659301758
8.533670425415039
22.756454467773438
14.222784042358398
19.911897659301758
19.911897659301758
17.067340850830078
11.378227233886719
17.067340850830078
25.601011276245117
25.601011276245117
28.445568084716797
85.33670043945312
