9267.6708984375
878.5752563476562
525.3623046875
210.3336639404297
50.11422348022461
98.05550384521484
211.88612365722656
254.16941833496094
219.47085571289062
137.44708251953125
70.87675476074219
27.752601623535156
8.05192756652832
5.45775842666626
5.051665782928467
4.680810928344727
4.345193862915039
4.044814586639404
3.779672861099243
3.549769401550293
3.3551034927368164
3.1956753730773926
3.0714852809906006
2.981458902359009
2.907907724380493
2.8363306522369385
2.766301155090332
2.6978189945220947
2.6308836936950684
2.565495729446411
2.501654863357544
2.439361095428467
2.3786144256591797
2.319415330886841
2.261763095855713
2.205657958984375
2.151099920272827
2.0980892181396484
2.0466256141662598
1.9967092275619507
1.9483399391174316
1.9015178680419922
1.8562428951263428
1.8125150203704834
1.7703344821929932
1.7297009229660034
1.6906145811080933
1.6530755758285522
1.6170834302902222
1.5826386213302612
1.5497410297393799
1.518390417098999
1.4885871410369873
1.4603309631347656
1.433621883392334
1.408460021018982
1.38484525680542
1.3627777099609375
1.3422572612762451
1.3232840299606323
1.3058578968048096
1.289979100227356
1.2756472826004028
1.2628626823425293
1.2516251802444458
1.241934895515442
1.2337918281555176
1.2271958589553833
1.222146987915039
1.2186453342437744
1.2166908979415894
1.2162835597991943
1.2174233198165894
1.220110297203064
1.2243444919586182
1.2301257848739624
1.2374541759490967
1.2463299036026
1.256752610206604
1.268722653388977
1.2822396755218506
1.2973039150238037
1.313915491104126
1.3320739269256592
1.351779818534851
1.3730326890945435
1.3958327770233154
1.4201799631118774
1.4460742473602295
1.4735158681869507
1.5025044679641724
1.5330404043197632
1.565123438835144
1.598753571510315
1.6339309215545654
1.670655369758606
1.7089271545410156
1.7487459182739258
1.7901118993759155
1.8330249786376953
