1277.2166442871094
14177.297031402588
22720.37297821045
10724.754724502563
9678.077449798584
5503.70422410965
1319.9992566108704
3867.3418922424316
2257.98042678833
1292.817688703537
1287.4604187011719
12.910524845123291
1924.5684413909912
1609.0675702095032
967.8968255519867
332.02564918994904
966.1351447105408
11.192643880844116
2247.077814102173
17.9020676612854
1617.8183550834656
3868.760488510132
7386.164496421814
5788.642767906189
7406.695465087891
7091.476202964783
4222.8901290893555
5811.273087501526
2947.059868812561
8374.73634147644
3270.9253425598145
6779.161138534546
2624.3803758621216
3575.272068977356
1026.8904752731323
4209.814063072205
3566.8763484954834
2610.8902282714844
2929.2845063209534
2595.2100439071655
1325.5482697486877
1948.3208484649658
3553.7282667160034
1953.234052181244
1307.6674733161926
988.5398812294006
3544.2334518432617
1308.461667060852
344.54169368743896
29.21706199645996
341.0459270477295
24.93966817855835
337.7995538711548
655.0286741256714
2259.5089197158813
20.41947889328003
657.8198289871216
1609.1349074840546
2251.923680782318
970.099561214447
972.3096282482147
1932.3719720840454
16.10584831237793
10.637522459030151
333.0433214902878
2249.2391781806946
649.4545772075653
970.4874415397644
16.968163013458252
1287.9793043136597
650.7536260485649
327.298903465271
969.0826213359833
974.0143098831177
11.08760553598404
11.318513989448547
10.94325065612793
9.277153074741364
9.015142858028412
8.559192717075348
6.792458802461624
970.4060221910477
328.82886135578156
330.3092338144779
966.6356281042099
6.07449796795845
7.1047870218753815
10.157220005989075
1603.5608114004135
7.17212438583374
326.2627476453781
4.264045625925064
13.091998189687729
323.2229309976101
6.8109429478645325
647.7566457986832
7.497802317142487
9.289770036935806
975.0202469825745
342.5639998912811
