15.089432716369629
223.88357543945312
263.7304992675781
172.5975799560547
91.58467864990234
57.51279067993164
47.465145111083984
39.30337905883789
32.12378692626953
25.92637062072754
20.71112632751465
16.478057861328125
13.22716236114502
10.958440780639648
9.671895027160645
9.367522239685059
10.045324325561523
11.705301284790039
14.347452163696289
17.971778869628906
22.578275680541992
28.166950225830078
34.737796783447266
42.23009490966797
49.643348693847656
56.157474517822266
61.7482795715332
66.41576385498047
70.1599349975586
72.98078155517578
74.87831115722656
75.85252380371094
75.90340423583984
75.0309829711914
73.23523712158203
70.51616668701172
66.873779296875
62.35212707519531
57.59572219848633
53.09342956542969
48.85740280151367
44.88764190673828
41.18415069580078
37.74692916870117
34.57597351074219
31.671281814575195
29.032861709594727
26.660709381103516
24.55482292175293
22.7152042388916
21.141855239868164
19.83477020263672
18.793954849243164
18.019407272338867
17.510814666748047
17.194725036621094
16.903545379638672
16.61400604248047
16.326108932495117
16.039854049682617
15.755242347717285
15.472271919250488
15.19094467163086
14.911259651184082
14.63321590423584
14.356815338134766
14.08205795288086
13.808940887451172
13.537467002868652
13.2676362991333
12.999446868896484
12.732900619506836
12.467995643615723
12.204733848571777
11.943114280700684
11.683135986328125
11.42480182647705
11.168108940124512
10.913058280944824
10.659649848937988
10.40788459777832
10.157760620117188
9.909279823303223
9.662440299987793
9.417243957519531
9.173688888549805
8.931777954101562
8.691508293151855
8.452879905700684
8.21589469909668
7.980552673339844
7.746852397918701
7.51479434967041
7.284378528594971
7.055604934692383
6.8284735679626465
6.60298490524292
6.379137992858887
6.1569342613220215
5.93637228012085
