428.30767822265625
5508.2904052734375
17916.586181640625
19409.6337890625
16292.633544921875
17554.015625
11617.417602539062
9945.812255859375
8327.887634277344
6234.002197265625
7762.6485595703125
7352.424865722656
6364.9056396484375
5764.069396972656
4009.2137451171875
4693.300354003906
5079.9827880859375
7465.244384765625
5710.3883056640625
8869.014770507812
11605.361694335938
13348.161376953125
17315.74951171875
15929.492919921875
22211.147216796875
26011.66455078125
25279.9248046875
28135.1201171875
32221.55517578125
37259.91259765625
35962.93408203125
39888.896484375
44249.1953125
45979.3681640625
50714.29296875
56466.876953125
53141.181640625
57322.921875
64336.318359375
66715.5517578125
66644.3583984375
66150.314453125
72146.619140625
74614.560546875
81009.60546875
77023.9345703125
75583.99609375
80580.728515625
81781.828125
83834.662109375
87878.8984375
86143.2744140625
91442.8671875
92435.841796875
89675.955078125
91442.296875
92239.76953125
89829.822265625
88420.59765625
89627.15625
91304.794921875
97039.2890625
96408.888671875
95113.048828125
101102.1875
98508.23046875
96598.9296875
108103.52734375
93505.470703125
101911.720703125
100900.091796875
93963.919921875
104540.13671875
101376.625
95373.716796875
90180.916015625
99662.24609375
96694.234375
89782.17578125
86933.0078125
100518.291015625
93047.59375
90638.79296875
92186.08984375
98192.740234375
89163.8203125
89907.05078125
87212.32421875
83643.4765625
85178.15234375
97230.474609375
99043.8984375
89668.78125
93113.32421875
91418.75390625
91821.80859375
107847.744140625
128155.623046875
142765.16796875
335817.15625
