27.57589340209961
2825.275634765625
5580.3583984375
3667.593994140625
2276.2646484375
1526.7017822265625
1082.9805908203125
809.728515625
531.4627075195312
433.693603515625
388.5694274902344
305.84173583984375
285.7865295410156
250.68994140625
190.52435302734375
220.60714721679688
193.03126525878906
190.52435302734375
255.70375061035156
366.00732421875
345.9521179199219
496.3660888671875
699.4249267578125
799.700927734375
844.8251342773438
1045.3770751953125
1047.884033203125
1291.05322265625
1328.65673828125
1296.0670166015625
1466.5361328125
1541.7431640625
1521.68798828125
1331.16357421875
1496.6190185546875
1323.6429443359375
1504.1396484375
1230.8876953125
1291.05322265625
1303.5877685546875
1047.884033203125
1093.0081787109375
980.1976928710938
1022.8150024414062
950.1148681640625
849.8389282226562
894.963134765625
784.6595458984375
797.1940307617188
829.78369140625
676.8628540039062
616.697265625
701.9318237304688
701.9318237304688
569.066162109375
571.5730590820312
574.0799560546875
526.4489135742188
461.2695007324219
436.20050048828125
466.2832946777344
423.666015625
396.0901184082031
406.1177062988281
345.9521179199219
348.4590148925781
325.8969421386719
318.376220703125
328.4038391113281
270.7451477050781
295.81414794921875
360.9935302734375
250.68994140625
203.05885314941406
293.3072509765625
275.7589416503906
230.63475036621094
230.63475036621094
250.68994140625
172.97605895996094
245.6761474609375
188.0174560546875
198.04505920410156
160.44155883789062
205.5657501220703
175.4829559326172
147.90707397460938
205.5657501220703
122.83807373046875
147.90707397460938
122.83807373046875
147.90707397460938
150.41397094726562
165.4553680419922
150.41397094726562
127.85187530517578
183.003662109375
185.51055908203125
183.003662109375
383.55560302734375
