17.70015525817871
2247.919677734375
5371.9970703125
3953.03466796875
2351.170654296875
1634.3143310546875
1121.0098876953125
843.7073974609375
640.1556396484375
442.5038757324219
365.80322265625
392.35345458984375
274.3524169921875
230.10202026367188
218.30191040039062
262.55230712890625
162.2514190673828
244.85214233398438
268.4523620605469
315.65277099609375
413.0036315917969
501.50439453125
628.3555297851562
837.807373046875
852.5574951171875
1097.40966796875
1106.259765625
1324.5616455078125
1309.8115234375
1430.7625732421875
1507.4632568359375
1560.563720703125
1359.9619140625
1480.9129638671875
1424.862548828125
1383.5621337890625
1421.9124755859375
1357.011962890625
1153.4600830078125
1174.1103515625
1197.7105712890625
982.358642578125
1035.4591064453125
979.4085693359375
896.807861328125
923.3580932617188
826.0072631835938
802.4070434570312
831.9072875976562
784.7069091796875
669.6558837890625
646.0556640625
634.2555541992188
740.4564819335938
572.3050537109375
595.9052124023438
507.4044494628906
531.004638671875
466.1040954589844
430.7037658691406
407.10357666015625
413.0036315917969
436.60382080078125
386.4533996582031
386.4533996582031
289.1025390625
389.4034118652344
309.7527160644531
324.5028381347656
324.5028381347656
303.8526611328125
283.2024841308594
306.8027038574219
268.4523620605469
289.1025390625
259.6022644042969
206.50181579589844
253.7022247314453
203.55178833007812
218.30191040039062
253.7022247314453
197.6517333984375
177.00155639648438
156.35137939453125
197.6517333984375
182.901611328125
153.40135192871094
162.2514190673828
138.65121459960938
138.65121459960938
118.00103759765625
132.75115966796875
150.45132446289062
141.6012420654297
168.15147399902344
141.6012420654297
182.901611328125
150.45132446289062
177.00155639648438
374.6532897949219
