532.08056640625
16926.25390625
26274.390625
19608.154296875
12778.8916015625
8796.3486328125
6306.14013671875
4516.41455078125
3502.416015625
2547.537353515625
2106.82421875
1727.0224609375
1547.8707275390625
1422.464599609375
1363.344482421875
1393.80029296875
1626.697509765625
1864.9693603515625
2336.138427734375
2871.802001953125
3375.21826171875
4077.492919921875
4623.90576171875
5448.00341796875
6123.4052734375
6847.17822265625
7167.85986328125
7601.4072265625
8214.1064453125
8375.3427734375
8644.0703125
8416.5478515625
8568.826171875
8658.40234375
8527.62109375
8189.02490234375
8384.2998046875
7886.25830078125
7864.76025390625
7501.08203125
7277.142578125
6954.66943359375
6786.2666015625
6503.20703125
6112.65625
5790.18310546875
5532.205078125
5184.650390625
5172.10986328125
4863.96875
4717.064453125
4591.658203125
4321.13916015625
3952.086669921875
3914.46484375
3905.50732421875
3523.9140625
3505.9990234375
3174.568359375
3079.617919921875
2961.377685546875
2705.19091796875
2671.152099609375
2748.187255859375
2434.671875
2239.396484375
2201.7744140625
2117.5732421875
1983.20947265625
1811.2237548828125
1845.2625732421875
1696.566650390625
1703.7327880859375
1626.697509765625
1472.6270751953125
1497.708251953125
1443.9627685546875
1363.344482421875
1357.969970703125
1182.4012451171875
1175.2352294921875
1132.23876953125
1085.659423828125
1005.0410766601562
929.79736328125
856.3451538085938
836.6384887695312
895.758544921875
791.8505859375
809.7657470703125
761.394775390625
702.2747192382812
671.8189086914062
750.6456909179688
634.1970825195312
587.6176147460938
601.9497680664062
585.8261108398438
689.7340698242188
1116.1151123046875
