1892.7159423828125
14908.408203125
17929.57421875
13125.7216796875
8431.1904296875
5929.13330078125
4606.47265625
3484.53466796875
2523.3701171875
1722.9781494140625
1083.359130859375
604.5130615234375
286.47515869140625
139.0545196533203
185.4166717529297
428.9046325683594
869.5183715820312
1506.4237060546875
2239.615234375
2875.365234375
3391.4853515625
3787.974853515625
4064.83447265625
4225.04541015625
4317.72802734375
4383.1455078125
4422.4873046875
4435.7509765625
4422.93798828125
4384.0478515625
4319.08154296875
4228.037109375
4110.91650390625
3967.718505859375
3798.443603515625
3603.091552734375
3381.662841796875
3135.67333984375
2887.315673828125
2653.4208984375
2434.40771484375
2230.2763671875
2041.0267333984375
1866.658935546875
1707.1729736328125
1562.5684814453125
1432.8460693359375
1318.0052490234375
1218.046142578125
1132.9688720703125
1062.7734375
1007.4595947265625
967.0276489257812
941.4773559570312
930.7899780273438
930.5213012695312
930.5308837890625
929.4110717773438
927.1619262695312
923.7833251953125
919.275390625
913.6381225585938
906.8714599609375
898.9754028320312
889.949951171875
879.795166015625
868.5110473632812
856.0974731445312
842.5545654296875
827.8822631835938
812.0806274414062
795.1495971679688
777.089111328125
757.8993530273438
737.5802001953125
716.1316528320312
693.5537719726562
669.846435546875
645.0098266601562
619.0438232421875
591.9483642578125
563.7235717773438
534.369384765625
503.8858947753906
472.27301025390625
439.53070068359375
405.6590576171875
370.6580505371094
334.5276184082031
297.2678527832031
258.8786926269531
219.36019897460938
178.71229553222656
136.93502807617188
94.02838134765625
49.99235916137695
4.826964855194092
-41.467803955078125
-88.8919448852539
-137.44546508789062
