6232.249919891357
2246.859522461891
6.241738975048065
320.6315828561783
1.4544056057929993
1.1923954039812088
1.3234004974365234
0.2620101869106293
0.34342965483665466
2.5972153395414352
0.13100509345531464
0.8489657491445541
0.0
0.7179606556892395
0.0
0.7179606556892395
1.1923954039812088
0.13100509345531464
0.7179606556892395
0.8489657491445541
958.6633911132812
0.13100509345531464
0.7179606556892395
0.0
0.0
0.0
0.34342965483665466
0.34342965483665466
0.13100509345531464
0.0
0.0
0.0
0.7179606556892395
0.7179606556892395
0.13100509345531464
0.7179606556892395
0.0
0.0
0.7179606556892395
0.13100509345531464
0.0
0.0
0.0
0.0
0.34342965483665466
0.0
0.0
0.4744347482919693
0.0
0.0
0.0
0.34342965483665466
0.0
0.0
0.0
0.34342965483665466
0.0
0.7179606556892395
0.0
0.0
0.0
0.0
0.0
0.0
0.0
0.0
0.0
958.6633911132812
0.0
1.0613903105258942
0.0
0.0
0.13100509345531464
0.0
0.0
0.0
0.0
0.0
0.0
1.435921311378479
0.0
0.0
0.7179606556892395
1.0613903105258942
0.0
0.7179606556892395
0.13100509345531464
0.34342965483665466
0.0
0.0
0.0
0.0
0.0
0.34342965483665466
0.0
0.0
0.0
0.0
0.0
959.8557865172625
