159.3223876953125
14.089766502380371
7.262333869934082
3.6957128047943115
1.5499935150146484
0.7931823134422302
0.7332800626754761
0.7018070220947266
0.6714752316474915
0.642284631729126
0.6142352819442749
0.5873273015022278
0.5615604519844055
0.5369349122047424
0.5134506225585938
0.4911075532436371
0.4699057340621948
0.44984519481658936
0.4309259057044983
0.413147896528244
0.3965110778808594
0.3810155689716339
0.36666131019592285
0.3534225821495056
0.34087565541267395
0.32867327332496643
0.3168051540851593
0.30527135729789734
0.2940717935562134
0.2832065224647522
0.2726755440235138
0.2624788284301758
0.25261640548706055
0.2430882602930069
0.23389440774917603
0.22503480315208435
0.21650950610637665
0.20831847190856934
0.2004617303609848
0.19293926656246185
0.1857510656118393
0.17889715731143951
0.17237752676010132
0.1661921739578247
0.16034109890460968
0.15482431650161743
0.14964181184768677
0.1447935700416565
0.140279620885849
0.1360999494791031
0.13225455582141876
0.12874343991279602
0.12556660175323486
0.12272406369447708
0.12021578103303909
0.11804179102182388
0.11620207130908966
0.11469664424657822
0.11352548748254776
0.11268860846757889
0.1121860146522522
0.11201769858598709
0.11218366026878357
0.11268390715122223
0.11351843178272247
0.1146872341632843
0.11619032174348831
0.11802767962217331
0.12019932270050049
0.12270524352788925
0.1255454421043396
0.12871992588043213
0.13222868740558624
0.13607172667980194
0.14024904370307922
0.1447606384754181
0.14960652589797974
0.15478667616844177
0.1603011190891266
0.16614983975887299
0.17233283817768097
0.17885011434555054
0.1857016682624817
0.19288751482963562
0.20040762424468994
0.20826202630996704
0.21645069122314453
0.2249736487865448
0.23383089900016785
0.2430223971605301
0.2525482177734375
0.2624082863330841
0.2726026475429535
0.2831312417984009
0.2939941883087158
0.30519139766693115
0.3167228400707245
0.3285885751247406
0.3407886326313019
0.35332295298576355
