0.2267022579908371
0.12240318208932877
0.12764093279838562
0.12285927683115005
0.09621438384056091
0.1176215186715126
0.13481342792510986
0.11670932918787003
0.15769919753074646
0.11386239528656006
0.09382355958223343
0.11716542392969131
0.09336745738983154
0.09336745738983154
0.061940908432006836
0.0647878348827362
0.04713982716202736
0.03381738066673279
0.08334803581237793
0.09143272787332535
0.08573886752128601
0.04953065887093544
0.11477459222078323
0.09621438384056091
0.06239700689911842
0.03666430711746216
0.03666430711746216
0.0981491208076477
0.06239700689911842
0.11625322699546814
0.04144597053527832
0.08095720410346985
0.04668372869491577
0.07048168778419495
0.06239700689911842
0.054312318563461304
0.09291136264801025
0.08858579397201538
0.10338687896728516
0.09621438384056091
0.06763476133346558
0.07765418291091919
0.09621438384056091
0.11625322699546814
0.05715924873948097
0.10384297370910645
0.06239700689911842
0.07811027765274048
0.05715924873948097
0.07287251949310303
0.08573886752128601
0.05192148685455322
0.08858579397201538
0.0981491208076477
0.08004501461982727
0.07526335120201111
0.1090807393193245
0.1424420177936554
0.08528277277946472
0.1543961763381958
0.11340630054473877
0.12388181686401367
0.09143272787332535
0.12194708734750748
0.12718483805656433
0.12672874331474304
0.14005118608474731
0.13242259621620178
0.13720425963401794
0.11147156357765198
0.10862463712692261
0.15861138701438904
0.13766035437583923
0.22772479057312012
0.205295130610466
0.14859196543693542
0.1734124720096588
0.24867583811283112
0.218161478638649
0.21861757338047028
0.28818708658218384
0.25197887420654297
0.36584123969078064
0.29820650815963745
0.26575738191604614
0.3139197826385498
0.3701668381690979
0.46307817101478577
0.4144597053527832
0.4602312445640564
0.5787649750709534
0.719382643699646
0.811837911605835
0.9471073746681213
1.199086308479309
1.3982315063476562
2.0881221294403076
3.1425962448120117
5.324542045593262
260.9539794921875
