8939.46875
873.1337890625
449.2577819824219
197.97801208496094
159.9053192138672
142.1380615234375
91.37446594238281
60.91630935668945
68.53085327148438
63.454490661621094
38.07269287109375
35.534515380859375
35.534515380859375
30.458154678344727
20.305437088012695
32.996334075927734
20.305437088012695
30.458154678344727
30.458154678344727
20.305437088012695
17.767257690429688
22.843616485595703
12.690897941589355
12.690897941589355
15.229077339172363
32.996334075927734
7.614538669586182
17.767257690429688
7.614538669586182
10.152718544006348
15.229077339172363
12.690897941589355
2.538179636001587
7.614538669586182
0.0
5.076359272003174
15.229077339172363
7.614538669586182
5.076359272003174
15.229077339172363
5.076359272003174
25.38179588317871
2.538179636001587
7.614538669586182
2.538179636001587
7.614538669586182
10.152718544006348
12.690897941589355
7.614538669586182
2.538179636001587
5.076359272003174
2.538179636001587
10.152718544006348
17.767257690429688
7.614538669586182
5.076359272003174
2.538179636001587
5.076359272003174
2.538179636001587
5.076359272003174
5.076359272003174
2.538179636001587
15.229077339172363
5.076359272003174
5.076359272003174
15.229077339172363
10.152718544006348
5.076359272003174
7.614538669586182
7.614538669586182
5.076359272003174
7.614538669586182
2.538179636001587
5.076359272003174
17.767257690429688
12.690897941589355
12.690897941589355
10.152718544006348
7.614538669586182
10.152718544006348
7.614538669586182
10.152718544006348
2.538179636001587
5.076359272003174
2.538179636001587
7.614538669586182
10.152718544006348
10.152718544006348
0.0
10.152718544006348
12.690897941589355
7.614538669586182
12.690897941589355
7.614538669586182
0.0
25.38179588317871
20.305437088012695
12.690897941589355
10.152718544006348
86.29811096191406
