8947.4287109375
849.6074829101562
442.5038757324219
241.90213012695312
153.40135192871094
129.80113220214844
112.10098266601562
73.75064849853516
53.100467681884766
38.350337982177734
53.100467681884766
53.100467681884766
20.65018081665039
41.30036163330078
38.350337982177734
35.40031051635742
23.60020637512207
17.70015525817871
14.750129699707031
20.65018081665039
17.70015525817871
17.70015525817871
23.60020637512207
29.500259399414062
11.800103187561035
11.800103187561035
20.65018081665039
26.550233840942383
5.900051593780518
5.900051593780518
8.850077629089355
5.900051593780518
5.900051593780518
8.850077629089355
2.950025796890259
0.0
8.850077629089355
5.900051593780518
14.750129699707031
5.900051593780518
8.850077629089355
2.950025796890259
2.950025796890259
17.70015525817871
8.850077629089355
5.900051593780518
2.950025796890259
8.850077629089355
8.850077629089355
2.950025796890259
11.800103187561035
8.850077629089355
8.850077629089355
11.800103187561035
2.950025796890259
11.800103187561035
20.65018081665039
5.900051593780518
8.850077629089355
5.900051593780518
8.850077629089355
2.950025796890259
8.850077629089355
8.850077629089355
5.900051593780518
8.850077629089355
2.950025796890259
2.950025796890259
11.800103187561035
0.0
11.800103187561035
14.750129699707031
5.900051593780518
14.750129699707031
5.900051593780518
11.800103187561035
5.900051593780518
14.750129699707031
8.850077629089355
2.950025796890259
5.900051593780518
2.950025796890259
8.850077629089355
5.900051593780518
5.900051593780518
0.0
2.950025796890259
2.950025796890259
5.900051593780518
14.750129699707031
11.800103187561035
5.900051593780518
5.900051593780518
8.850077629089355
14.750129699707031
23.60020637512207
11.800103187561035
2.950025796890259
8.850077629089355
85.55075073242188
