154445.203125
15605.23828125
6380.3408203125
3444.75830078125
2221.598876953125
1612.8636474609375
1260.138671875
1018.351318359375
796.4758911132812
682.693603515625
574.6004638671875
438.0617370605469
409.6161804199219
364.103271484375
344.1913757324219
292.9893493652344
281.6111145019531
253.16555786132812
182.0516357421875
196.2744140625
170.67340087890625
187.74073791503906
187.74073791503906
167.82884216308594
116.62682342529297
125.1604995727539
153.60606384277344
119.47138214111328
82.49214935302734
105.24859619140625
99.55948638916016
93.87036895751953
79.64759063720703
96.71492767333984
93.87036895751953
76.80303192138672
85.33670043945312
85.33670043945312
54.04657745361328
91.02581787109375
59.73569107055664
39.823795318603516
71.11392211914062
48.35746383666992
62.58024978637695
65.4248046875
56.891136169433594
34.134681701660156
45.512908935546875
51.202022552490234
48.35746383666992
28.445568084716797
56.891136169433594
31.290124893188477
54.04657745361328
28.445568084716797
54.04657745361328
45.512908935546875
34.134681701660156
36.9792366027832
48.35746383666992
51.202022552490234
31.290124893188477
42.66835021972656
19.911897659301758
31.290124893188477
39.823795318603516
48.35746383666992
34.134681701660156
31.290124893188477
36.9792366027832
39.823795318603516
51.202022552490234
19.911897659301758
36.9792366027832
28.445568084716797
39.823795318603516
31.290124893188477
25.601011276245117
25.601011276245117
25.601011276245117
34.134681701660156
22.756454467773438
34.134681701660156
36.9792366027832
25.601011276245117
54.04657745361328
48.35746383666992
25.601011276245117
28.445568084716797
28.445568084716797
14.222784042358398
25.601011276245117
36.9792366027832
54.04657745361328
39.823795318603516
39.823795318603516
76.80303192138672
71.11392211914062
187.74073791503906
