6846.67626953125
1662.8560791015625
479.3316955566406
37.47685241699219
0.0
37.47685241699219
0.0
0.0
479.3316955566406
0.0
0.0
0.0
0.0
0.0
0.0
0.0
0.0
0.0
0.0
37.47685241699219
0.0
479.3316955566406
0.0
0.0
0.0
0.0
0.0
0.0
0.0
0.0
0.0
0.0
0.0
0.0
0.0
0.0
0.0
0.0
0.0
0.0
0.0
0.0
0.0
0.0
0.0
0.0
0.0
0.0
0.0
0.0
0.0
0.0
0.0
0.0
479.3316955566406
0.0
0.0
0.0
0.0
0.0
0.0
0.0
0.0
0.0
0.0
0.0
0.0
0.0
0.0
0.0
479.3316955566406
0.0
0.0
0.0
0.0
0.0
0.0
0.0
0.0
0.0
0.0
0.0
0.0
0.0
0.0
0.0
0.0
0.0
0.0
0.0
0.0
0.0
0.0
0.0
0.0
0.0
0.0
0.0
479.3316955566406
0.0
