184451.68325805664
5500.878572463989
4172.66296005249
1925.5520005226135
2244.9187972545624
967.9271950721741
3.7266756296157837
3.0767849683761597
0.8674500286579132
320.3510884344578
961.1976712942123
2.041361153125763
1.797835260629654
319.533224016428
0.3930152952671051
960.0363772511482
0.8674500286579132
0.13100509345531464
2.141264885663986
0.2620101869106293
320.8381402939558
959.3502504229546
1.666830152273178
1.1923954039812088
0.4744347482919693
0.34342965483665466
1.3234004974365234
958.7943962067366
0.13100509345531464
0.2620101869106293
0.7179606556892395
0.13100509345531464
0.0
0.13100509345531464
1.1923954039812088
0.4744347482919693
0.0
0.13100509345531464
0.0
320.3821897804737
0.0
1.1923954039812088
0.34342965483665466
0.13100509345531464
0.7179606556892395
0.13100509345531464
0.13100509345531464
1.5669264048337936
0.13100509345531464
0.8489657491445541
0.4744347482919693
0.0
0.0
0.13100509345531464
0.2620101869106293
0.7179606556892395
0.0
0.0
0.0
0.0
0.34342965483665466
0.13100509345531464
0.0
0.0
0.0
0.0
0.13100509345531464
0.0
0.0
0.0
0.0
0.0
0.13100509345531464
0.7179606556892395
0.13100509345531464
0.0
0.34342965483665466
0.0
0.0
0.0
0.2620101869106293
0.0
0.0
0.0
0.0
0.7179606556892395
0.2620101869106293
0.0
0.7179606556892395
0.0
0.2620101869106293
1.0613903105258942
0.0
0.8489657491445541
0.0
0.0
1.0613903105258942
0.34342965483665466
0.817864403128624
4.264045625925064
