1321.6839599609375
130.4639434814453
4.925599098205566
2.99894380569458
3.378668785095215
3.60317325592041
3.672456979751587
3.586520195007324
3.354769706726074
3.0765247344970703
2.811396598815918
2.560196876525879
2.322925329208374
2.099581480026245
1.890166163444519
1.6946786642074585
1.5131193399429321
1.3454880714416504
1.1917848587036133
1.0520098209381104
0.926162838935852
0.8142440319061279
0.7162531614303589
0.632190465927124
0.5620559453964233
0.5058494210243225
0.4635710120201111
0.4352206885814667
0.4207850992679596
0.4165118336677551
0.41352030634880066
0.4105261266231537
0.40752920508384705
0.4045296013355255
0.4015272855758667
0.3985223174095154
0.3955146074295044
0.39250418543815613
0.38949108123779297
0.38647526502609253
0.3834567368030548
0.3804355263710022
0.3774116039276123
0.3743849992752075
0.37135568261146545
0.3683236837387085
0.36528894305229187
0.36225152015686035
0.35921138525009155
0.35616859793663025
0.3531230390071869
0.35007479786872864
0.3470239043235779
0.34397026896476746
0.34091392159461975
0.33785489201545715
0.3347931504249573
0.3317287266254425
0.32866159081459045
0.3255917727947235
0.3225192427635193
0.3194440007209778
0.316366046667099
0.3132854104042053
0.31020206212997437
0.30711600184440613
0.3040272891521454
0.3009358048439026
0.2978416979312897
0.2947448194026947
0.29164525866508484
0.28854304552078247
0.28543809056282043
0.2823304235935211
0.2792200744152069
0.2761070132255554
0.27299124002456665
0.269872784614563
0.26675161719322205
0.2636277675628662
0.2605012059211731
0.2573719322681427
0.2542399764060974
0.25110530853271484
0.2479679435491562
0.24482788145542145
0.24168510735034943
0.23853963613510132
0.23539146780967712
0.23224058747291565
0.2290870100259781
0.22593073546886444
0.2227717638015747
0.2196100801229477
0.2164456993341446
0.2132786214351654
0.21010883152484894
0.20693635940551758
0.20376116037368774
0.20058327913284302
