0.012587399338372052
0.015871574025368318
0.007978861220180988
0.012845844670664519
0.007386624056380242
0.00957247320911847
0.009152533340966329
0.005200774874538183
0.00612680398626253
0.00789271280518733
0.006719041150063276
0.00663289226940833
0.008312652673339471
0.004866983450483531
0.004113252129172906
0.004953132331138477
0.005706863652449101
0.002939580474048853
0.006212952401256189
0.007472772471373901
0.005373072199290618
0.006880535278469324
0.0037794606760144234
0.005706863652449101
0.004619340877979994
0.006719041150063276
0.0037794606760144234
0.008980235550552607
0.006299100816249847
0.004113252129172906
0.007386624056380242
0.005620715208351612
0.0028534318262245506
0.004027103481348604
0.00663289226940833
0.006966683722566813
0.007138981018215418
0.005879160948097706
0.00612680398626253
0.004113252129172906
0.004866983450483531
0.005373072199290618
0.004953132331138477
0.004113252129172906
0.004199400544166565
0.006546743854414672
0.00663289226940833
0.008980235550552607
0.006966683722566813
0.00931402703281492
0.006966683722566813
0.005620715208351612
0.00663289226940833
0.005793012533104047
0.004866983450483531
0.005879160948097706
0.006966683722566813
0.009486324794124812
0.005793012533104047
0.006794386892579496
0.005706863652449101
0.011252233613049611
0.011919816490262747
0.005706863652449101
0.00847414683084935
0.010153907700441778
0.009906264662276953
0.007558921352028847
0.011079935822635889
0.008312652673339471
0.01090763893444091
0.009906264662276953
0.011166084266733378
0.012339756358414888
0.013685725338291377
0.01569927716627717
0.017292888252995908
0.013351933885132894
0.016366860014386475
0.017712829052470624
0.023161245975643396
0.015613127849064767
0.01670065149664879
0.01754053123295307
0.027705242042429745
0.024098077323287725
0.028125180979259312
0.029137359466403723
0.030300228390842676
0.03803144465200603
0.04372750734910369
0.04313526814803481
0.05465675191953778
0.058080815710127354
0.09408790711313486
0.09938563406467438
0.15026291832327843
0.20354129187762737
0.40836402773857117
19.87329864501953
