16856.447265625
1171.1602783203125
401.2035217285156
280.2524719238281
194.7017059326172
88.50077819824219
85.55075073242188
76.70067596435547
70.80062103271484
47.20041275024414
59.000518798828125
29.500259399414062
26.550233840942383
14.750129699707031
29.500259399414062
23.60020637512207
38.350337982177734
20.65018081665039
5.900051593780518
14.750129699707031
14.750129699707031
32.45028305053711
17.70015525817871
8.850077629089355
8.850077629089355
5.900051593780518
8.850077629089355
11.800103187561035
2.950025796890259
14.750129699707031
11.800103187561035
8.850077629089355
14.750129699707031
5.900051593780518
11.800103187561035
20.65018081665039
8.850077629089355
2.950025796890259
2.950025796890259
8.850077629089355
5.900051593780518
17.70015525817871
2.950025796890259
8.850077629089355
2.950025796890259
2.950025796890259
0.0
2.950025796890259
2.950025796890259
5.900051593780518
8.850077629089355
5.900051593780518
8.850077629089355
2.950025796890259
2.950025796890259
0.0
0.0
0.0
2.950025796890259
5.900051593780518
2.950025796890259
2.950025796890259
14.750129699707031
0.0
0.0
8.850077629089355
11.800103187561035
2.950025796890259
5.900051593780518
11.800103187561035
8.850077629089355
8.850077629089355
2.950025796890259
5.900051593780518
0.0
2.950025796890259
2.950025796890259
0.0
0.0
0.0
0.0
0.0
5.900051593780518
2.950025796890259
0.0
5.900051593780518
2.950025796890259
5.900051593780518
0.0
0.0
2.950025796890259
8.850077629089355
8.850077629089355
0.0
0.0
2.950025796890259
5.900051593780518
2.950025796890259
14.750129699707031
35.40031051635742
