16602.74609375
1306.8614501953125
442.5038757324219
315.65277099609375
165.20144653320312
115.05101013183594
88.50077819824219
70.80062103271484
67.85059356689453
67.85059356689453
59.000518798828125
32.45028305053711
32.45028305053711
29.500259399414062
11.800103187561035
23.60020637512207
35.40031051635742
23.60020637512207
23.60020637512207
8.850077629089355
14.750129699707031
26.550233840942383
14.750129699707031
11.800103187561035
11.800103187561035
17.70015525817871
8.850077629089355
5.900051593780518
5.900051593780518
8.850077629089355
8.850077629089355
5.900051593780518
8.850077629089355
11.800103187561035
14.750129699707031
14.750129699707031
5.900051593780518
11.800103187561035
14.750129699707031
5.900051593780518
17.70015525817871
17.70015525817871
2.950025796890259
0.0
5.900051593780518
0.0
0.0
0.0
0.0
0.0
2.950025796890259
11.800103187561035
20.65018081665039
2.950025796890259
0.0
2.950025796890259
0.0
0.0
8.850077629089355
0.0
11.800103187561035
2.950025796890259
2.950025796890259
5.900051593780518
0.0
8.850077629089355
17.70015525817871
2.950025796890259
2.950025796890259
0.0
14.750129699707031
5.900051593780518
5.900051593780518
8.850077629089355
2.950025796890259
0.0
0.0
0.0
0.0
2.950025796890259
0.0
0.0
2.950025796890259
2.950025796890259
5.900051593780518
2.950025796890259
2.950025796890259
2.950025796890259
0.0
0.0
5.900051593780518
5.900051593780518
5.900051593780518
5.900051593780518
2.950025796890259
0.0
5.900051593780518
8.850077629089355
2.950025796890259
41.30036163330078
