85541.5078125
8064.318359375
3029.452880859375
1524.682373046875
1055.33056640625
719.6728515625
591.6677856445312
386.8597106933594
352.72503662109375
258.85467529296875
207.65264892578125
182.0516357421875
173.51795959472656
170.67340087890625
133.6941680908203
110.93771362304688
105.24859619140625
76.80303192138672
59.73569107055664
88.18125915527344
76.80303192138672
71.11392211914062
42.66835021972656
65.4248046875
56.891136169433594
36.9792366027832
59.73569107055664
42.66835021972656
36.9792366027832
39.823795318603516
56.891136169433594
22.756454467773438
17.067340850830078
42.66835021972656
36.9792366027832
28.445568084716797
25.601011276245117
22.756454467773438
25.601011276245117
36.9792366027832
42.66835021972656
31.290124893188477
31.290124893188477
17.067340850830078
25.601011276245117
19.911897659301758
22.756454467773438
19.911897659301758
31.290124893188477
19.911897659301758
19.911897659301758
17.067340850830078
17.067340850830078
14.222784042358398
8.533670425415039
17.067340850830078
5.689113616943359
19.911897659301758
11.378227233886719
14.222784042358398
17.067340850830078
8.533670425415039
17.067340850830078
11.378227233886719
11.378227233886719
11.378227233886719
25.601011276245117
8.533670425415039
14.222784042358398
17.067340850830078
14.222784042358398
14.222784042358398
22.756454467773438
11.378227233886719
14.222784042358398
17.067340850830078
8.533670425415039
14.222784042358398
19.911897659301758
8.533670425415039
11.378227233886719
31.290124893188477
28.445568084716797
8.533670425415039
8.533670425415039
19.911897659301758
17.067340850830078
17.067340850830078
19.911897659301758
11.378227233886719
17.067340850830078
22.756454467773438
22.756454467773438
17.067340850830078
19.911897659301758
25.601011276245117
19.911897659301758
34.134681701660156
39.823795318603516
130.849609375
