179367.3125
9942.8525390625
4487.94677734375
2134.9443359375
725.7152709960938
238.99317932128906
214.80526733398438
208.81222534179688
202.8758087158203
196.99595642089844
191.17271423339844
185.4060516357422
179.6959991455078
174.04254150390625
168.44566345214844
162.9053955078125
157.4217071533203
151.99461364746094
146.6241455078125
141.31024169921875
136.0529327392578
130.8522186279297
125.70811462402344
120.62247467041016
115.62632751464844
110.74507904052734
105.97949981689453
101.3295669555664
96.79529571533203
92.37667846679688
88.07371520996094
83.88641357421875
79.81477355957031
75.85877990722656
72.01844787597656
68.29376983642578
64.68475341796875
61.19139099121094
57.813682556152344
54.551631927490234
51.405242919921875
48.37450408935547
45.45942687988281
42.660003662109375
39.976234436035156
37.40812683105469
34.95567321777344
32.61887741088867
30.397737503051758
28.292253494262695
26.302427291870117
24.42825698852539
22.669742584228516
21.026887893676758
19.49968719482422
18.08814239501953
16.79225730895996
15.61202621459961
14.547452926635742
13.598536491394043
12.765275955200195
12.047672271728516
11.445725440979004
10.95943546295166
10.588802337646484
10.333824157714844
10.194503784179688
10.1708402633667
10.262833595275879
10.47048282623291
10.79378890991211
11.232751846313477
11.787370681762695
12.457647323608398
13.243579864501953
14.145169258117676
15.162415504455566
16.295318603515625
17.54387664794922
18.90809440612793
20.387964248657227
21.983495712280273
23.69468116760254
25.521522521972656
27.464021682739258
29.522178649902344
31.69598960876465
33.98545837402344
36.390586853027344
38.9113655090332
41.54780578613281
44.299903869628906
47.16765594482422
50.15106201171875
53.25012969970703
56.46485137939453
59.795230865478516
63.24126434326172
66.8029556274414
70.48030090332031
