0.6054398417472839
1601.0508825778961
1283.9890034794807
321.31844222545624
1278.6710498929024
319.1586930155754
2.7467047572135925
0.9488694965839386
1.1923954039812088
0.2620101869106293
959.318416595459
0.6550254821777344
0.3930152952671051
1.5224755704402924
960.4797106385231
321.3857797086239
961.8393473029137
4.024921894073486
3.668142795562744
3.8124972879886627
4.829436779022217
5.141032874584198
323.61286649107933
1281.8151723444462
5.678402483463287
3.537137746810913
4.4497711062431335
5.303871512413025
2.6519357562065125
3.7310779690742493
4.2869322299957275
4.6488460302352905
1.6534806191921234
2.832526534795761
3.6185570657253265
2.8643603324890137
2.764456659555435
2.308506101369858
320.5501634478569
1.1790459156036377
1.1790459156036377
319.0772735476494
0.6550254821777344
0.7364449501037598
0.6550254821777344
1.7164157927036285
1.1294602453708649
1.2108796834945679
0.5240203738212585
0.5240203738212585
1.3729861378669739
1.4728899002075195
0.917035698890686
1.2108796834945679
0.817864403128624
0.34342965483665466
0.5240203738212585
0.6550254821777344
0.8674500286579132
637.3685165345669
1.1294602453708649
0.8674500286579132
0.4744347482919693
0.9799708425998688
0.2620101869106293
0.4744347482919693
0.7364449501037598
0.9799708425998688
0.2620101869106293
0.2620101869106293
0.5240203738212585
959.1874114871025
0.8489657491445541
0.5240203738212585
0.13100509345531464
0.4744347482919693
0.13100509345531464
0.4744347482919693
0.2620101869106293
1.666830152273178
0.3930152952671051
0.13100509345531464
0.3930152952671051
0.2620101869106293
0.5240203738212585
0.13100509345531464
0.2620101869106293
0.2620101869106293
0.6550254821777344
0.3930152952671051
318.5532531738281
0.0
0.2620101869106293
0.2620101869106293
1.435921311378479
0.2620101869106293
0.3930152952671051
0.13100509345531464
0.7179606556892395
0.6054398417472839
