1.2893576622009277
4.626698970794678
4.70426082611084
3.475078821182251
2.4527313709259033
1.6767346858978271
1.1470890045166016
0.8637943267822266
0.8158392310142517
0.8869642019271851
1.007389783859253
1.1761667728424072
1.3932949304580688
1.6587746143341064
1.9726057052612305
2.3347878456115723
2.745321750640869
3.1944549083709717
3.61183500289917
3.966590166091919
4.258587837219238
4.487828731536865
4.6543121337890625
4.758038520812988
4.799006938934326
4.777218818664551
4.692673683166504
4.545370578765869
4.335379600524902
4.08206844329834
3.8312718868255615
3.58962082862854
3.357114315032959
3.1337528228759766
2.9195361137390137
2.7144644260406494
2.518537759780884
2.3317558765411377
2.154118776321411
1.9856269359588623
1.826279878616333
1.6760776042938232
1.535020351409912
1.40310800075531
1.280340552330017
1.1667178869247437
1.0622403621673584
0.9669075608253479
0.880719780921936
0.8036768436431885
0.7357788681983948
0.6770257949829102
0.6274176239967346
0.5869544148445129
0.5556360483169556
0.533462643623352
0.5204341411590576
0.5165504813194275
0.521811842918396
0.5361794829368591
0.5559797286987305
0.57455974817276
0.5912182927131653
0.6059554815292358
0.6187713146209717
0.6296656727790833
0.6386386752128601
0.6456903219223022
0.6508204936981201
0.6540293097496033
0.6553166508674622
0.6546826362609863
0.652127206325531
0.6476503610610962
0.6412521600723267
0.6329324841499329
0.6226914525032043
0.6105290651321411
0.5964452028274536
0.5804399251937866
0.5625133514404297
0.5426653027534485
0.5208958387374878
0.49720498919487
0.4715927541255951
0.4440590739250183
0.4146040380001068
0.3832275867462158
0.34992972016334534
0.31471043825149536
0.27756980061531067
0.2385077029466629
0.19752423465251923
0.15461936593055725
0.10979309678077698
0.06304541975259781
0.014376341365277767
-0.03621413931250572
-0.08872602880001068
-0.14315931499004364
