1368.23095703125
4574.64453125
9738.080078125
12052.251953125
15086.1279296875
12099.9150390625
11023.060546875
8851.8759765625
7001.6181640625
10850.521484375
8292.6357421875
7186.2314453125
7442.01953125
9107.6640625
6496.078125
7305.0693359375
7935.484375
9411.1162109375
7983.146484375
7078.83056640625
8887.4638671875
9952.2431640625
9862.955078125
12813.580078125
13420.4833984375
12254.33984375
16745.734375
19006.20703125
17114.32421875
16430.208984375
21100.177734375
21004.853515625
23247.8515625
24526.79296875
24038.728515625
21385.517578125
30183.693359375
29047.73828125
25543.91015625
31028.271484375
29624.453125
30653.64453125
38571.65625
29719.77734375
38399.1171875
40255.41015625
42266.1328125
46102.9609375
37708.96484375
38660.9453125
47120.078125
45436.95703125
49297.30078125
44871.68359375
51236.84765625
44312.44140625
52438.578125
53021.33203125
50546.69140625
52605.078125
60339.109375
57935.65234375
55347.57421875
57834.2890625
62629.1328125
58018.90234375
62516.3359375
64223.60546875
71653.546875
66829.15625
69231.9765625
71528.0390625
74735.0859375
73682.3828125
69000.3359375
76311.4453125
72819.6875
76400.734375
76870.6875
82248.28125
80142.8671875
82896.8125
80357.03125
79249.9921875
84479.203125
87989.0703125
85371.4453125
81844.1015625
89101.515625
94454.9609375
93991.046875
96501.90625
101118.171875
103657.953125
106590.4609375
111289.9765625
115787.4140625
133580.453125
170789.90625
491724.59375
