23.60020637512207
194.7017059326172
191.75167846679688
209.45184326171875
206.50181579589844
115.05101013183594
76.70067596435547
82.60072326660156
61.95054244995117
17.70015525817871
32.45028305053711
41.30036163330078
29.500259399414062
32.45028305053711
44.250389099121094
38.350337982177734
44.250389099121094
47.20041275024414
47.20041275024414
56.05049133300781
44.250389099121094
59.000518798828125
56.05049133300781
41.30036163330078
73.75064849853516
67.85059356689453
41.30036163330078
67.85059356689453
64.90056610107422
47.20041275024414
47.20041275024414
56.05049133300781
50.15044021606445
38.350337982177734
50.15044021606445
44.250389099121094
44.250389099121094
29.500259399414062
38.350337982177734
41.30036163330078
44.250389099121094
41.30036163330078
41.30036163330078
14.750129699707031
32.45028305053711
38.350337982177734
35.40031051635742
17.70015525817871
26.550233840942383
20.65018081665039
26.550233840942383
11.800103187561035
26.550233840942383
29.500259399414062
23.60020637512207
14.750129699707031
32.45028305053711
14.750129699707031
23.60020637512207
20.65018081665039
32.45028305053711
14.750129699707031
20.65018081665039
11.800103187561035
8.850077629089355
14.750129699707031
17.70015525817871
20.65018081665039
26.550233840942383
20.65018081665039
26.550233840942383
14.750129699707031
8.850077629089355
11.800103187561035
5.900051593780518
14.750129699707031
11.800103187561035
11.800103187561035
11.800103187561035
5.900051593780518
2.950025796890259
14.750129699707031
11.800103187561035
5.900051593780518
2.950025796890259
11.800103187561035
20.65018081665039
5.900051593780518
20.65018081665039
8.850077629089355
8.850077629089355
17.70015525817871
2.950025796890259
23.60020637512207
5.900051593780518
17.70015525817871
11.800103187561035
5.900051593780518
5.900051593780518
56.05049133300781
