44.250389099121094
233.0520477294922
221.25193786621094
227.15199279785156
147.5012969970703
109.15095520019531
91.4508056640625
64.90056610107422
35.40031051635742
35.40031051635742
38.350337982177734
29.500259399414062
35.40031051635742
41.30036163330078
32.45028305053711
35.40031051635742
59.000518798828125
41.30036163330078
53.100467681884766
38.350337982177734
59.000518798828125
59.000518798828125
41.30036163330078
53.100467681884766
73.75064849853516
76.70067596435547
35.40031051635742
67.85059356689453
67.85059356689453
41.30036163330078
41.30036163330078
56.05049133300781
61.95054244995117
38.350337982177734
44.250389099121094
35.40031051635742
38.350337982177734
35.40031051635742
32.45028305053711
44.250389099121094
47.20041275024414
38.350337982177734
29.500259399414062
35.40031051635742
23.60020637512207
29.500259399414062
32.45028305053711
23.60020637512207
23.60020637512207
11.800103187561035
14.750129699707031
38.350337982177734
20.65018081665039
23.60020637512207
11.800103187561035
38.350337982177734
17.70015525817871
14.750129699707031
23.60020637512207
17.70015525817871
20.65018081665039
26.550233840942383
20.65018081665039
8.850077629089355
11.800103187561035
5.900051593780518
2.950025796890259
29.500259399414062
29.500259399414062
41.30036163330078
14.750129699707031
5.900051593780518
17.70015525817871
8.850077629089355
2.950025796890259
17.70015525817871
8.850077629089355
14.750129699707031
14.750129699707031
5.900051593780518
2.950025796890259
0.0
11.800103187561035
11.800103187561035
14.750129699707031
14.750129699707031
8.850077629089355
5.900051593780518
14.750129699707031
20.65018081665039
5.900051593780518
8.850077629089355
11.800103187561035
17.70015525817871
17.70015525817871
11.800103187561035
14.750129699707031
5.900051593780518
8.850077629089355
56.05049133300781
