482.31756591796875
2812.65478515625
3116.912353515625
2416.77392578125
1652.67236328125
1218.7593994140625
919.6879272460938
724.3406982421875
599.8716430664062
532.450927734375
537.6371459960938
456.3865051269531
561.8394165039062
535.9083862304688
530.72216796875
558.3819580078125
582.5842895507812
688.0372314453125
627.5314331054688
719.1544799804688
705.3245849609375
669.0211181640625
712.2395629882812
734.713134765625
729.5269165039062
738.1705932617188
729.5269165039062
688.0372314453125
745.0855102539062
705.3245849609375
665.5636596679688
650.0050048828125
624.073974609375
605.057861328125
528.9934692382812
520.3497924804688
572.2118530273438
518.6210327148438
480.58880615234375
494.418701171875
433.9129333496094
416.62554931640625
442.5566101074219
390.69451904296875
371.67840576171875
423.5404968261719
349.204833984375
363.03472900390625
314.6300964355469
337.1036682128906
286.9703063964844
300.8002014160156
280.05535888671875
309.4438781738281
243.7518768310547
255.85304260253906
264.4967346191406
205.7196807861328
252.39556884765625
233.37945556640625
197.07598876953125
214.3633575439453
174.6024169921875
216.0920867919922
197.07598876953125
188.43231201171875
209.17713928222656
145.21388244628906
143.4851531982422
143.4851531982422
191.88978576660156
162.50125122070312
122.74031066894531
129.65525817871094
157.31504821777344
127.92652130126953
108.91041564941406
122.74031066894531
150.4001007080078
114.09662628173828
108.91041564941406
115.82536315917969
143.4851531982422
107.18167877197266
122.74031066894531
79.52188873291016
86.43683624267578
110.63915252685547
86.43683624267578
95.08052062988281
84.70809936523438
112.36788940429688
95.08052062988281
98.53799438476562
93.3517837524414
77.79315185546875
89.8943099975586
89.8943099975586
86.43683624267578
164.22999572753906
