0.0
766.5702514648438
1488.984619140625
132.46768188476562
132.46768188476562
634.1025390625
44.1558952331543
0.0
0.0
88.3117904663086
1224.0491943359375
0.0
0.0
88.3117904663086
589.9466552734375
132.46768188476562
634.1025390625
0.0
309.0912780761719
44.1558952331543
176.6235809326172
88.3117904663086
132.46768188476562
220.77947998046875
88.3117904663086
678.2584228515625
634.1025390625
766.5702514648438
176.6235809326172
132.46768188476562
88.3117904663086
44.1558952331543
88.3117904663086
88.3117904663086
132.46768188476562
88.3117904663086
0.0
0.0
132.46768188476562
132.46768188476562
0.0
88.3117904663086
44.1558952331543
0.0
0.0
44.1558952331543
44.1558952331543
0.0
0.0
0.0
44.1558952331543
0.0
0.0
0.0
0.0
0.0
44.1558952331543
0.0
0.0
44.1558952331543
132.46768188476562
0.0
0.0
0.0
0.0
0.0
44.1558952331543
589.9466552734375
44.1558952331543
44.1558952331543
0.0
589.9466552734375
0.0
0.0
0.0
0.0
44.1558952331543
0.0
0.0
0.0
44.1558952331543
0.0
0.0
0.0
0.0
0.0
0.0
0.0
0.0
0.0
0.0
44.1558952331543
0.0
0.0
0.0
0.0
0.0
0.0
0.0
0.0
