152888.84661865234
17106.1150970459
9954.033283233643
3863.687964439392
3861.269184112549
659.7293033599854
10.742560625076294
646.3887944221497
965.3358465433121
1284.8950371742249
1281.81077003479
1282.7226709127426
2.3403398990631104
641.5637595951557
1.3418847918510437
2.927295506000519
1279.2453883886337
2.7778061032295227
1.1109759509563446
319.5517083108425
3.9517172276973724
2.321855664253235
1918.6997683644295
321.0379477441311
1.797835260629654
1.0798746049404144
2.059845447540283
958.7943962067366
0.9799708425998688
0.2620101869106293
1.5047237128019333
0.6054398417472839
0.34342965483665466
1.1109759509563446
0.9799708425998688
0.6550254821777344
1.3234004974365234
1.0613903105258942
0.13100509345531464
0.13100509345531464
319.1586930155754
0.6054398417472839
0.13100509345531464
0.8489657491445541
0.9799708425998688
0.8489657491445541
1.1109759509563446
0.4744347482919693
959.5123568624258
0.7179606556892395
0.13100509345531464
0.13100509345531464
959.2688309550285
0.13100509345531464
0.6054398417472839
1277.6910790354013
0.0
0.5240203738212585
1.0613903105258942
0.34342965483665466
319.7145472019911
0.13100509345531464
0.7364449501037598
0.0
1.0613903105258942
1.1109759509563446
959.4812555164099
1.0613903105258942
0.34342965483665466
0.0
0.8489657491445541
0.13100509345531464
1.6979314982891083
0.4744347482919693
0.13100509345531464
1.435921311378479
0.0
0.8489657491445541
0.2620101869106293
0.0
1.1923954039812088
0.2620101869106293
0.13100509345531464
0.4744347482919693
0.9799708425998688
1.1923954039812088
0.13100509345531464
319.87665367126465
0.0
0.13100509345531464
0.2620101869106293
0.6054398417472839
0.0
1.0613903105258942
0.13100509345531464
0.13100509345531464
0.9799708425998688
0.2620101869106293
2.041361153125763
8.053656339645386
