1007.120849609375
273.69317626953125
44.42449188232422
29.999231338500977
22.552894592285156
16.658554077148438
12.316207885742188
9.525856971740723
8.203275680541992
7.4592366218566895
6.7600178718566895
6.098358631134033
5.474259853363037
4.887720584869385
4.338741779327393
3.8273227214813232
3.353463649749756
2.9171643257141113
2.5184249877929688
2.157245635986328
1.833626389503479
1.5475668907165527
1.299067497253418
1.0881279706954956
0.91474848985672
0.778928816318512
0.6806691884994507
0.6199694871902466
0.5967934727668762
0.6009397506713867
0.6082659959793091
0.615280270576477
0.6219825148582458
0.6283727884292603
0.6344510316848755
0.6402173042297363
0.6456716060638428
0.65081387758255
0.6556441783905029
0.6601623892784119
0.6643686890602112
0.6682629585266113
0.6718452572822571
0.6751155257225037
0.6780737638473511
0.6807200908660889
0.6830543279647827
0.6850766539573669
0.6867868900299072
0.6881852149963379
0.6892715096473694
0.6900458335876465
0.6905080676078796
0.6906583905220032
0.6904966831207275
0.6900229454040527
0.6892372369766235
0.6881395578384399
0.6867298483848572
0.6850081086158752
0.6829743981361389
0.6806287169456482
0.6779710054397583
0.6750013828277588
0.6717196702957153
0.6681259870529175
0.6642202734947205
0.660002589225769
0.6554728746414185
0.6506311893463135
0.6454775333404541
0.6400117874145508
0.6342341303825378
0.6281444430351257
0.6217427849769592
0.6150290966033936
0.6080034375190735
0.6006657481193542
0.5930160284042358
0.5850543975830078
0.5767807364463806
0.5681950449943542
0.5592973232269287
0.5500876307487488
0.5405660271644592
0.5307323336601257
0.5205866694450378
0.5101289749145508
0.4993593394756317
0.4882776737213135
0.47688400745391846
0.46517837047576904
0.45316070318222046
0.4408310353755951
0.42818936705589294
0.4152357280254364
0.4019700586795807
0.3883924186229706
0.3745027482509613
0.36030110716819763
