0.8872255831956863
1.785782516002655
1.6191952228546143
1.229702115058899
1.4433059692382812
1.3338825851678848
1.2082233428955078
1.1141902804374695
0.9792291224002838
1.1141902804374695
0.9577503949403763
0.9362715929746628
1.2787481546401978
1.002737432718277
1.1417575478553772
0.7952220290899277
1.1101313531398773
0.9577503949403763
0.7482054680585861
1.2491514086723328
1.3002269268035889
1.2122822999954224
0.6736217141151428
1.075291708111763
0.9731407165527344
0.932212620973587
0.8616878092288971
0.607155904173851
1.0436655282974243
0.7676547467708588
1.0497539341449738
1.2256431579589844
1.1826856136322021
0.906674861907959
1.0007079243659973
0.9476029276847839
1.1121608018875122
1.4290996193885803
1.0242161750793457
1.2572693526744843
1.216341271996498
0.9557208716869354
1.3022564053535461
1.454637348651886
1.0416359901428223
1.1141902804374695
1.0712327361106873
1.002737432718277
1.002737432718277
1.0477244853973389
1.2082233428955078
1.159177303314209
1.0262456834316254
1.5077422857284546
1.3666927814483643
1.2981974184513092
1.1101313531398773
1.2828070521354675
1.3472434282302856
1.441276490688324
1.5506998896598816
1.3513024151325226
1.7193167209625244
1.8307695388793945
1.5782670974731445
1.3492729663848877
1.9973569512367249
1.8368580341339111
2.050461918115616
1.838887482881546
2.2008132934570312
1.8174087405204773
2.3398334980010986
2.1230161786079407
2.206901788711548
2.857015371322632
2.6199031472206116
2.621932625770569
2.6004538536071777
3.4325449466705322
3.0389928817749023
3.71261465549469
3.8731136322021484
3.7831395864486694
4.315711736679077
4.899359345436096
4.838136434555054
4.83407723903656
5.821424603462219
6.001372814178467
7.1901466846466064
8.360655307769775
9.273418426513672
13.546510696411133
15.234201431274414
18.781919479370117
25.686246871948242
39.06904602050781
69.27835083007812
1493.0867919921875
