11631.9521484375
3020.826416015625
1303.9114990234375
713.90625
483.80426025390625
321.5528259277344
236.0020751953125
182.901611328125
165.20144653320312
94.40082550048828
100.3008804321289
103.25090789794922
73.75064849853516
59.000518798828125
38.350337982177734
59.000518798828125
59.000518798828125
61.95054244995117
59.000518798828125
41.30036163330078
38.350337982177734
29.500259399414062
38.350337982177734
41.30036163330078
41.30036163330078
41.30036163330078
32.45028305053711
20.65018081665039
23.60020637512207
11.800103187561035
38.350337982177734
14.750129699707031
11.800103187561035
20.65018081665039
2.950025796890259
8.850077629089355
17.70015525817871
5.900051593780518
17.70015525817871
14.750129699707031
11.800103187561035
23.60020637512207
17.70015525817871
8.850077629089355
11.800103187561035
11.800103187561035
23.60020637512207
11.800103187561035
8.850077629089355
11.800103187561035
5.900051593780518
20.65018081665039
26.550233840942383
8.850077629089355
5.900051593780518
20.65018081665039
20.65018081665039
8.850077629089355
14.750129699707031
8.850077629089355
5.900051593780518
5.900051593780518
23.60020637512207
2.950025796890259
5.900051593780518
2.950025796890259
11.800103187561035
8.850077629089355
8.850077629089355
14.750129699707031
5.900051593780518
8.850077629089355
26.550233840942383
14.750129699707031
8.850077629089355
11.800103187561035
11.800103187561035
5.900051593780518
11.800103187561035
2.950025796890259
8.850077629089355
5.900051593780518
17.70015525817871
5.900051593780518
5.900051593780518
2.950025796890259
11.800103187561035
11.800103187561035
8.850077629089355
2.950025796890259
14.750129699707031
11.800103187561035
14.750129699707031
17.70015525817871
20.65018081665039
5.900051593780518
8.850077629089355
32.45028305053711
14.750129699707031
61.95054244995117
