11614.251953125
3062.126953125
1298.0113525390625
693.256103515625
477.9042053222656
327.452880859375
253.7022247314453
153.40135192871094
188.80165100097656
100.3008804321289
100.3008804321289
73.75064849853516
85.55075073242188
56.05049133300781
47.20041275024414
59.000518798828125
67.85059356689453
64.90056610107422
47.20041275024414
35.40031051635742
38.350337982177734
35.40031051635742
50.15044021606445
41.30036163330078
35.40031051635742
29.500259399414062
38.350337982177734
8.850077629089355
26.550233840942383
32.45028305053711
14.750129699707031
35.40031051635742
20.65018081665039
5.900051593780518
5.900051593780518
8.850077629089355
20.65018081665039
5.900051593780518
2.950025796890259
23.60020637512207
11.800103187561035
20.65018081665039
14.750129699707031
17.70015525817871
11.800103187561035
11.800103187561035
8.850077629089355
14.750129699707031
8.850077629089355
20.65018081665039
11.800103187561035
23.60020637512207
23.60020637512207
11.800103187561035
8.850077629089355
2.950025796890259
14.750129699707031
17.70015525817871
11.800103187561035
11.800103187561035
11.800103187561035
11.800103187561035
5.900051593780518
5.900051593780518
8.850077629089355
11.800103187561035
14.750129699707031
0.0
8.850077629089355
8.850077629089355
17.70015525817871
14.750129699707031
8.850077629089355
5.900051593780518
17.70015525817871
14.750129699707031
11.800103187561035
11.800103187561035
11.800103187561035
2.950025796890259
5.900051593780518
2.950025796890259
14.750129699707031
5.900051593780518
5.900051593780518
8.850077629089355
5.900051593780518
17.70015525817871
8.850077629089355
0.0
8.850077629089355
20.65018081665039
14.750129699707031
17.70015525817871
11.800103187561035
8.850077629089355
8.850077629089355
32.45028305053711
14.750129699707031
61.95054244995117
