53235.87890625
18350.236328125
8328.8623046875
4807.30078125
3151.768798828125
2247.199951171875
1706.7340087890625
1243.0712890625
1026.885009765625
870.4343872070312
668.4708251953125
614.4242553710938
460.8182067871094
503.4865417480469
418.14984130859375
355.569580078125
329.9685974121094
281.6111145019531
284.4556884765625
224.71998596191406
207.65264892578125
204.80809020996094
173.51795959472656
210.4971923828125
182.0516357421875
170.67340087890625
130.849609375
130.849609375
139.38328552246094
130.849609375
105.24859619140625
99.55948638916016
113.78227233886719
122.3159408569336
108.09315490722656
91.02581787109375
79.64759063720703
68.26936340332031
102.40404510498047
85.33670043945312
99.55948638916016
65.4248046875
54.04657745361328
82.49214935302734
65.4248046875
110.93771362304688
48.35746383666992
36.9792366027832
34.134681701660156
56.891136169433594
73.9584732055664
59.73569107055664
48.35746383666992
59.73569107055664
48.35746383666992
51.202022552490234
56.891136169433594
17.067340850830078
34.134681701660156
36.9792366027832
31.290124893188477
48.35746383666992
42.66835021972656
65.4248046875
39.823795318603516
25.601011276245117
39.823795318603516
45.512908935546875
17.067340850830078
31.290124893188477
31.290124893188477
31.290124893188477
42.66835021972656
28.445568084716797
51.202022552490234
48.35746383666992
54.04657745361328
34.134681701660156
39.823795318603516
17.067340850830078
45.512908935546875
39.823795318603516
56.891136169433594
25.601011276245117
56.891136169433594
22.756454467773438
34.134681701660156
28.445568084716797
25.601011276245117
42.66835021972656
34.134681701660156
36.9792366027832
34.134681701660156
54.04657745361328
45.512908935546875
68.26936340332031
42.66835021972656
102.40404510498047
113.78227233886719
312.9012451171875
