152935.359375
16212.2705078125
6579.08349609375
3579.2080078125
2471.022705078125
1246.1810302734375
996.9776611328125
1063.485595703125
1051.77294921875
961.23046875
833.15087890625
715.8118896484375
611.9520874023438
521.5712890625
444.66961669921875
381.2470703125
331.3035888671875
294.8392028808594
271.85394287109375
260.3947448730469
251.71810913085938
243.3780059814453
235.3743438720703
227.70713806152344
220.37635803222656
213.3820343017578
206.72415161132812
200.4027099609375
194.41770935058594
188.76914978027344
183.45701599121094
178.48135375976562
173.8421173095703
169.53933715820312
165.57298278808594
161.9430694580078
158.64959716796875
155.6925811767578
153.07200622558594
150.78785705566406
148.8401641845703
147.22889709472656
145.95408630371094
145.01571655273438
144.41378784179688
144.14830017089844
144.21925354003906
144.62664794921875
145.37049865722656
146.45077514648438
147.8383026123047
149.2355194091797
150.46865844726562
151.5355224609375
152.4361114501953
153.1704559326172
153.73854064941406
154.1403350830078
154.37588500976562
154.44515991210938
154.34817504882812
154.0849151611328
153.6553955078125
153.05963134765625
152.29757690429688
151.3692626953125
150.27467346191406
149.01382446289062
147.5867156982422
145.99334716796875
144.23370361328125
142.30780029296875
140.2156219482422
137.9571990966797
135.53248596191406
132.9415283203125
130.18429565429688
127.26079559326172
124.17102813720703
120.91500091552734
117.49270629882812
113.9041519165039
110.14933013916016
106.22823333740234
102.14088439941406
97.88726806640625
93.46737670898438
88.8812255859375
84.12881469726562
79.21013641357422
74.12518310546875
68.87397766113281
63.45650100708008
57.87276077270508
52.12275314331055
46.20648193359375
40.12394332885742
33.875144958496094
27.46007537841797
20.878742218017578
