6217.1315269470215
1292.172932624817
963.6497996747494
5.96124467253685
4.101206660270691
3.252240836620331
0.9799708425998688
318.81526336073875
1.3234004974365234
0.13100509345531464
1.0613903105258942
0.2620101869106293
0.13100509345531464
0.8489657491445541
0.8489657491445541
0.13100509345531464
0.4744347482919693
0.0
0.0
0.4744347482919693
0.4744347482919693
0.0
0.7179606556892395
0.34342965483665466
0.13100509345531464
0.13100509345531464
0.0
0.0
0.13100509345531464
0.13100509345531464
2.1538820266723633
1.435921311378479
0.13100509345531464
0.0
1.0613903105258942
0.0
0.34342965483665466
0.0
0.0
0.8489657491445541
958.6633911132812
0.7179606556892395
0.0
0.0
0.0
0.0
0.13100509345531464
0.0
0.34342965483665466
0.0
0.34342965483665466
0.7179606556892395
0.0
0.0
0.0
0.13100509345531464
0.7179606556892395
0.0
0.7179606556892395
0.0
0.0
0.0
0.0
0.0
0.13100509345531464
0.0
0.0
0.0
0.0
0.0
0.0
0.34342965483665466
0.0
0.0
0.0
0.34342965483665466
0.0
0.7179606556892395
0.34342965483665466
0.0
0.0
0.7179606556892395
0.0
0.0
0.0
0.0
958.6633911132812
1.1923954039812088
0.0
0.0
0.0
0.34342965483665466
0.7179606556892395
0.0
1.5669264048337936
1.0613903105258942
0.0
0.34342965483665466
0.0
959.8557865172625
