143.41064453125
18.996503829956055
10.459195137023926
5.441348075866699
2.403012752532959
1.2996926307678223
1.1689599752426147
1.0810970067977905
0.9981520771980286
0.9201251268386841
0.8470161557197571
0.7788251042366028
0.7155520915985107
0.6571970582008362
0.6037600040435791
0.5552408695220947
0.5116397738456726
0.4729565978050232
0.43919146060943604
0.41034427285194397
0.3864150941371918
0.3674038350582123
0.35331058502197266
0.34398356080055237
0.33692222833633423
0.3300769627094269
0.3233872652053833
0.31685322523117065
0.3104747533798218
0.30425190925598145
0.29818469285964966
0.29227304458618164
0.28651705384254456
0.28091663122177124
0.27547186613082886
0.27018263936042786
0.2650490701198578
0.2600710988044739
0.2552487254142761
0.2505820095539093
0.24607084691524506
0.24171531200408936
0.237515389919281
0.2334710657596588
0.22958235442638397
0.22584925591945648
0.22227177023887634
0.21884988248348236
0.21558362245559692
0.21247294545173645
0.20951789617538452
0.20671844482421875
0.20407460629940033
0.20158638060092926
0.19925375282764435
0.19707675278186798
0.19505533576011658
0.1931895613670349
0.1914793699979782
0.18992479145526886
0.18852582573890686
0.18728245794773102
0.18619471788406372
0.18526257574558258
0.1844860464334488
0.18386512994766235
0.18339981138706207
0.18309010565280914
0.18293599784374237
0.18293751776218414
0.18309465050697327
0.18340736627578735
0.18387570977210999
0.18449966609477997
0.1852792203426361
0.1862143874168396
0.18730516731739044
0.18855156004428864
0.1899535357952118
0.1915111392736435
0.19322435557842255
0.19509316980838776
0.1971176117658615
0.19929763674736023
0.2016332894563675
0.2041245400905609
0.20677140355110168
0.2095738798379898
0.21253196895122528
0.2156456559896469
0.2189149558544159
0.22233986854553223
0.22592037916183472
0.22965651750564575
0.23354823887348175
0.2375955879688263
0.241798534989357
0.24615709483623505
0.25067126750946045
0.2553410530090332
