1.356537103652954
0.972217321395874
1.2544081211090088
1.1113814115524292
0.8762223720550537
0.6742358207702637
0.8330532312393188
0.5547250509262085
0.7625055313110352
0.8330532312393188
0.8781536817550659
0.80567467212677
0.6252727508544922
0.5115559101104736
0.7898840308189392
0.5057619214057922
0.5998255014419556
0.8311219215393066
0.5585876703262329
0.5998255014419556
0.4155609607696533
0.5585876703262329
0.3057067096233368
0.8095372915267944
0.30184406042099
0.6449260115623474
0.6919578313827515
0.5331404209136963
0.5312091708183289
0.3272912800312042
0.5292778015136719
0.4841773509979248
0.6468573808670044
0.3704604506492615
0.6429947018623352
0.8800849914550781
0.6645792722702026
0.8114686608314514
0.5566563606262207
0.7135424017906189
0.6017568707466125
0.8076059818267822
0.5096245408058167
0.5508624315261841
0.5782409310340881
0.6272040605545044
0.5763096809387207
0.5508624315261841
0.6723045706748962
0.5096245408058167
0.6252727508544922
0.7840901017189026
0.8978070020675659
0.7625055313110352
0.9036009311676025
0.5115559101104736
0.9213228821754456
0.7644368410110474
0.927116870880127
0.8095372915267944
0.7389895915985107
0.7821588516235352
1.5623862743377686
1.0566242933273315
0.8820163607597351
0.9232541918754578
1.036971092224121
1.1761351823806763
1.1055874824523926
0.8233966827392578
1.0408337116241455
1.4055001735687256
1.1957883834838867
1.5172858238220215
1.67030930519104
0.9664233922958374
1.493769884109497
1.4309474229812622
1.5701115131378174
1.703481674194336
1.7308602333068848
2.2034497261047363
1.9621565341949463
2.1306304931640625
2.415092945098877
3.2932465076446533
3.320625066757202
3.497164249420166
3.779355049133301
4.208775520324707
4.165606498718262
4.830185890197754
6.6728315353393555
7.451127529144287
8.835383415222168
12.125107765197754
16.937570571899414
23.108842849731445
45.72998809814453
1374.655029296875
