7569.7666015625
1312.761474609375
563.4549560546875
345.15301513671875
238.9521026611328
153.40135192871094
150.45132446289062
115.05101013183594
61.95054244995117
97.3508529663086
59.000518798828125
67.85059356689453
64.90056610107422
47.20041275024414
59.000518798828125
38.350337982177734
23.60020637512207
23.60020637512207
14.750129699707031
20.65018081665039
35.40031051635742
23.60020637512207
35.40031051635742
17.70015525817871
20.65018081665039
23.60020637512207
8.850077629089355
29.500259399414062
8.850077629089355
20.65018081665039
20.65018081665039
32.45028305053711
11.800103187561035
11.800103187561035
8.850077629089355
14.750129699707031
11.800103187561035
8.850077629089355
17.70015525817871
8.850077629089355
14.750129699707031
17.70015525817871
14.750129699707031
11.800103187561035
2.950025796890259
17.70015525817871
2.950025796890259
5.900051593780518
0.0
26.550233840942383
8.850077629089355
5.900051593780518
2.950025796890259
0.0
14.750129699707031
14.750129699707031
11.800103187561035
8.850077629089355
2.950025796890259
2.950025796890259
14.750129699707031
2.950025796890259
8.850077629089355
8.850077629089355
5.900051593780518
11.800103187561035
8.850077629089355
14.750129699707031
5.900051593780518
0.0
8.850077629089355
11.800103187561035
2.950025796890259
5.900051593780518
5.900051593780518
14.750129699707031
11.800103187561035
11.800103187561035
8.850077629089355
14.750129699707031
11.800103187561035
11.800103187561035
2.950025796890259
11.800103187561035
14.750129699707031
14.750129699707031
17.70015525817871
23.60020637512207
11.800103187561035
20.65018081665039
8.850077629089355
14.750129699707031
5.900051593780518
11.800103187561035
8.850077629089355
11.800103187561035
26.550233840942383
32.45028305053711
29.500259399414062
103.25090789794922
