7811.66845703125
1221.3106689453125
516.2545166015625
309.7527160644531
230.10202026367188
150.45132446289062
153.40135192871094
100.3008804321289
70.80062103271484
79.65069580078125
82.60072326660156
38.350337982177734
61.95054244995117
38.350337982177734
44.250389099121094
32.45028305053711
29.500259399414062
26.550233840942383
38.350337982177734
11.800103187561035
35.40031051635742
29.500259399414062
29.500259399414062
14.750129699707031
17.70015525817871
11.800103187561035
14.750129699707031
26.550233840942383
14.750129699707031
23.60020637512207
23.60020637512207
8.850077629089355
8.850077629089355
17.70015525817871
8.850077629089355
11.800103187561035
17.70015525817871
11.800103187561035
20.65018081665039
11.800103187561035
14.750129699707031
5.900051593780518
5.900051593780518
14.750129699707031
14.750129699707031
14.750129699707031
2.950025796890259
8.850077629089355
5.900051593780518
8.850077629089355
11.800103187561035
20.65018081665039
8.850077629089355
5.900051593780518
0.0
14.750129699707031
2.950025796890259
5.900051593780518
0.0
11.800103187561035
8.850077629089355
11.800103187561035
2.950025796890259
8.850077629089355
5.900051593780518
8.850077629089355
5.900051593780518
14.750129699707031
8.850077629089355
8.850077629089355
0.0
5.900051593780518
5.900051593780518
14.750129699707031
5.900051593780518
5.900051593780518
8.850077629089355
8.850077629089355
2.950025796890259
14.750129699707031
5.900051593780518
8.850077629089355
17.70015525817871
20.65018081665039
17.70015525817871
14.750129699707031
11.800103187561035
20.65018081665039
23.60020637512207
8.850077629089355
11.800103187561035
20.65018081665039
5.900051593780518
8.850077629089355
8.850077629089355
14.750129699707031
17.70015525817871
26.550233840942383
44.250389099121094
106.20093536376953
