128826.6328125
24685.091796875
10337.0986328125
5708.302734375
3876.411865234375
2627.89111328125
1926.3931884765625
1539.297119140625
1255.790283203125
1121.30615234375
921.3974609375
846.8860473632812
683.3243408203125
585.1873779296875
514.3106079101562
477.9635925292969
430.7124328613281
394.3653869628906
356.20098876953125
323.4886474609375
303.497802734375
328.9407043457031
265.3334045410156
265.3334045410156
227.16900634765625
236.25576782226562
183.55255126953125
185.36990356445312
187.187255859375
161.74432373046875
178.10049438476562
152.65757751464844
147.2055206298828
134.4840545654297
152.65757751464844
174.46578979492188
149.0228729248047
134.4840545654297
107.22377014160156
129.03199768066406
127.21464538574219
87.23289489746094
118.12788391113281
101.77171325683594
87.23289489746094
105.40641784667969
90.86759948730469
116.31053161621094
70.8767318725586
74.51143646240234
79.96348571777344
69.05937957763672
72.69408416748047
78.1461410522461
85.41554260253906
65.42467498779297
85.41554260253906
79.96348571777344
63.607322692871094
69.05937957763672
58.15526580810547
76.32878875732422
67.24202728271484
58.15526580810547
56.337913513183594
50.88585662841797
61.78997039794922
45.433799743652344
34.52968978881836
56.337913513183594
74.51143646240234
54.52056121826172
54.52056121826172
59.972618103027344
49.068504333496094
59.972618103027344
58.15526580810547
47.25115203857422
65.42467498779297
54.52056121826172
47.25115203857422
47.25115203857422
41.799095153808594
47.25115203857422
47.25115203857422
69.05937957763672
61.78997039794922
59.972618103027344
67.24202728271484
63.607322692871094
47.25115203857422
74.51143646240234
79.96348571777344
59.972618103027344
67.24202728271484
65.42467498779297
72.69408416748047
92.68495178222656
130.84934997558594
298.0457458496094
