10675.612516403198
962.9821571707726
1.1294602453708649
319.20827865600586
319.81371852755547
0.13100509345531464
0.2620101869106293
0.0
0.9799708425998688
0.0
0.4744347482919693
0.0
0.7179606556892395
0.0
0.3930152952671051
0.0
0.8489657491445541
0.0
0.0
0.0
0.0
0.0
0.0
0.0
0.0
0.13100509345531464
0.0
0.0
0.0
0.0
0.0
0.0
0.0
0.0
0.34342965483665466
0.0
0.0
0.0
0.7179606556892395
0.0
0.0
0.0
0.0
0.0
0.0
0.0
0.0
0.0
0.0
0.0
0.0
0.0
0.0
0.0
0.0
0.13100509345531464
0.0
0.0
0.0
0.0
0.0
0.0
0.0
0.0
0.0
0.0
0.0
0.0
0.0
0.0
0.0
0.0
0.0
0.0
0.0
0.0
0.13100509345531464
0.0
0.0
0.0
0.0
0.0
0.0
0.0
0.0
0.0
0.0
0.0
0.0
0.0
0.0
0.0
0.0
0.0
0.0
0.0
0.0
0.0
0.0
0.13100509345531464
