138.64453125
9.586688995361328
-0.050334636121988297
0.025858212262392044
0.21171361207962036
0.34536081552505493
0.4267998933792114
0.4560307562351227
0.4360615313053131
0.3986516296863556
0.36286330223083496
0.3289557695388794
0.29692909121513367
0.2667832672595978
0.23851826786994934
0.21213410794734955
0.1876308023929596
0.1650083214044571
0.14426669478416443
0.1254059076309204
0.10842594504356384
0.09332683682441711
0.08010856062173843
0.068771131336689
0.0593145415186882
0.05173879489302635
0.04604388400912285
0.04222981631755829
0.04029478505253792
0.039731401950120926
0.039338916540145874
0.03894364461302757
0.03854558989405632
0.03814475238323212
0.037741128355264664
0.03733471781015396
0.03692552074790001
0.036513540893793106
0.03609877824783325
0.03568122908473015
0.035260893404483795
0.03483777120709419
0.03441186994314194
0.033983178436756134
0.03355170413851738
0.033117443323135376
0.03268039971590042
0.03224056959152222
0.03179795667529106
0.031352557241916656
0.03090437315404415
0.030453400686383247
0.029999645426869392
0.029543107375502586
0.02908378280699253
0.028621673583984375
0.02815677784383297
0.027689099311828613
0.027218634262681007
0.0267453845590353
0.026269348338246346
0.02579052932560444
0.025308925658464432
0.024824537336826324
0.02433736063539982
0.02384740114212036
0.023354658856987953
0.022859128192067146
0.02236081287264824
0.02185971476137638
0.021355830132961273
0.020849158987402916
0.020339705049991608
0.01982746459543705
0.01931244134902954
0.018794633448123932
0.018274037167429924
0.017750658094882965
0.017224492505192757
0.016695544123649597
0.016163809224963188
0.015629291534423828
0.015091986395418644
0.01455189660191536
0.014009022153913975
0.01346336305141449
0.012914919294416904
0.01236368902027607
0.011809674091637135
0.011252875439822674
0.010693291202187538
0.010130921378731728
0.009565767832100391
0.00899782869964838
0.008427103981375694
0.007853595539927483
0.007277300581336021
0.006698221433907747
0.006116356700658798
0.005531707778573036
