0.004775504115968943
0.004775504115968943
0.008640619926154613
0.006122027523815632
0.0028511311393231153
0.00327089661732316
0.003516207914799452
0.0020116001833230257
0.0033581233583390713
0.0020988271571695805
0.00293835811316967
0.0016790616791695356
0.0008395308395847678
0.0015918348217383027
0.0036906618624925613
0.0015918348217383027
0.0025185926351696253
0.0016790616791695356
0.00293835811316967
0.003777888836339116
0.0020116001833230257
0.00293835811316967
0.0024313656613230705
0.0033581233583390713
0.0020988271571695805
0.0020988271571695805
0.0036034351214766502
0.0024313656613230705
0.0020116001833230257
0.00393597362563014
0.0033581233583390713
0.0036034351214766502
0.0016790616791695356
0.0015918348217383027
0.004023200366646051
0.002676676958799362
0.0028511311393231153
0.0015918348217383027
0.00293835811316967
0.0012592963175848126
0.003777888836339116
0.0008395308395847678
0.0016790616791695356
0.0030964426696300507
0.0020988271571695805
0.0028511311393231153
0.0012592963175848126
0.0024313656613230705
0.0025185926351696253
0.005108042620122433
0.0028511311393231153
0.0036034351214766502
0.0016790616791695356
0.00327089661732316
0.0020988271571695805
0.0025185926351696253
0.001924373209476471
0.004862731322646141
0.0033581233583390713
0.004617419559508562
0.0033581233583390713
0.0012592963175848126
0.00293835811316967
0.0024313656613230705
0.0020988271571695805
0.0036034351214766502
0.005282496567815542
0.005947573576122522
0.0036034351214766502
0.005195269826799631
0.006122027523815632
0.005282496567815542
0.006787104532122612
0.006454566027969122
0.00393597362563014
0.0027639041654765606
0.007294096983969212
0.008885931223630905
0.008046400733292103
0.008798704482614994
0.008133627474308014
0.010477766394615173
0.011491751298308372
0.006122027523815632
0.010739447548985481
0.008885931223630905
0.011491751298308372
0.012663820758461952
0.010652219876646996
0.013835889287292957
0.016670651733875275
0.014659051783382893
0.02230205573141575
0.02230205573141575
0.04065176844596863
0.036961108446121216
0.06396780908107758
0.09552645683288574
0.1780238151550293
11.104171752929688
