3063.61083984375
181.99668884277344
85.94287872314453
50.55463409423828
40.44371032714844
25.27731704711914
27.805049896240234
17.694122314453125
15.166390419006348
5.055463790893555
5.055463790893555
5.055463790893555
10.11092758178711
7.583195209503174
5.055463790893555
10.11092758178711
2.5277318954467773
5.055463790893555
7.583195209503174
5.055463790893555
0.0
0.0
2.5277318954467773
5.055463790893555
0.0
10.11092758178711
2.5277318954467773
5.055463790893555
5.055463790893555
2.5277318954467773
2.5277318954467773
0.0
2.5277318954467773
2.5277318954467773
0.0
0.0
2.5277318954467773
2.5277318954467773
2.5277318954467773
0.0
2.5277318954467773
0.0
5.055463790893555
0.0
0.0
0.0
0.0
2.5277318954467773
0.0
0.0
0.0
2.5277318954467773
0.0
10.11092758178711
0.0
0.0
0.0
0.0
0.0
0.0
2.5277318954467773
0.0
0.0
0.0
2.5277318954467773
0.0
0.0
0.0
0.0
0.0
0.0
0.0
0.0
0.0
0.0
0.0
0.0
5.055463790893555
0.0
0.0
2.5277318954467773
2.5277318954467773
0.0
2.5277318954467773
2.5277318954467773
0.0
2.5277318954467773
2.5277318954467773
0.0
0.0
5.055463790893555
0.0
0.0
0.0
0.0
2.5277318954467773
7.583195209503174
0.0
2.5277318954467773
17.694122314453125
