3079.8271484375
179.9515838623047
70.80062103271484
56.05049133300781
44.250389099121094
29.500259399414062
20.65018081665039
17.70015525817871
8.850077629089355
5.900051593780518
20.65018081665039
2.950025796890259
5.900051593780518
5.900051593780518
2.950025796890259
5.900051593780518
5.900051593780518
0.0
5.900051593780518
5.900051593780518
0.0
8.850077629089355
0.0
0.0
0.0
5.900051593780518
0.0
5.900051593780518
0.0
5.900051593780518
0.0
0.0
0.0
0.0
2.950025796890259
2.950025796890259
0.0
0.0
8.850077629089355
0.0
5.900051593780518
2.950025796890259
0.0
2.950025796890259
0.0
0.0
0.0
2.950025796890259
0.0
0.0
2.950025796890259
0.0
2.950025796890259
0.0
0.0
2.950025796890259
2.950025796890259
0.0
0.0
0.0
0.0
0.0
0.0
0.0
0.0
0.0
0.0
0.0
0.0
0.0
2.950025796890259
0.0
0.0
0.0
0.0
0.0
0.0
0.0
2.950025796890259
0.0
2.950025796890259
5.900051593780518
0.0
0.0
0.0
2.950025796890259
0.0
2.950025796890259
2.950025796890259
2.950025796890259
2.950025796890259
2.950025796890259
0.0
0.0
0.0
5.900051593780518
2.950025796890259
2.950025796890259
0.0
20.65018081665039
