39874.99609375
1860.340087890625
785.09765625
369.7923889160156
307.2121276855469
156.45062255859375
119.47138214111328
139.38328552246094
76.80303192138672
71.11392211914062
62.58024978637695
62.58024978637695
42.66835021972656
28.445568084716797
34.134681701660156
36.9792366027832
31.290124893188477
45.512908935546875
28.445568084716797
34.134681701660156
31.290124893188477
8.533670425415039
19.911897659301758
11.378227233886719
31.290124893188477
19.911897659301758
19.911897659301758
25.601011276245117
14.222784042358398
14.222784042358398
17.067340850830078
8.533670425415039
22.756454467773438
2.8445568084716797
2.8445568084716797
2.8445568084716797
14.222784042358398
5.689113616943359
5.689113616943359
5.689113616943359
2.8445568084716797
11.378227233886719
5.689113616943359
11.378227233886719
8.533670425415039
11.378227233886719
17.067340850830078
11.378227233886719
2.8445568084716797
14.222784042358398
2.8445568084716797
5.689113616943359
5.689113616943359
8.533670425415039
11.378227233886719
2.8445568084716797
0.0
5.689113616943359
0.0
5.689113616943359
11.378227233886719
2.8445568084716797
5.689113616943359
5.689113616943359
5.689113616943359
2.8445568084716797
14.222784042358398
2.8445568084716797
5.689113616943359
11.378227233886719
5.689113616943359
8.533670425415039
0.0
2.8445568084716797
2.8445568084716797
11.378227233886719
0.0
0.0
5.689113616943359
0.0
2.8445568084716797
2.8445568084716797
2.8445568084716797
8.533670425415039
5.689113616943359
2.8445568084716797
2.8445568084716797
2.8445568084716797
0.0
8.533670425415039
2.8445568084716797
0.0
8.533670425415039
0.0
14.222784042358398
14.222784042358398
2.8445568084716797
8.533670425415039
11.378227233886719
28.445568084716797
