10428.45703125
1437.6357421875
22.112998962402344
-1.421258807182312
4.905402183532715
9.467554092407227
12.265195846557617
13.29832935333252
12.668778419494629
11.451611518859863
10.29209041595459
9.198993682861328
8.172320365905762
7.212071895599365
6.318246841430664
5.490845680236816
4.7298688888549805
4.03531551361084
3.407186508178711
2.8454813957214355
2.3502001762390137
1.9213429689407349
1.5589096546173096
1.2629003524780273
1.0333149433135986
0.870153546333313
0.7734161019325256
0.7431026697158813
0.7791467308998108
0.8628430366516113
0.9499251246452332
1.0339900255203247
1.1150377988815308
1.1930683851242065
1.2680820226669312
1.340078353881836
1.4090574979782104
1.4750194549560547
1.5379642248153687
1.5978920459747314
1.6548024415969849
1.708695888519287
1.759572148323059
1.8074312210083008
1.8522731065750122
1.894097924232483
1.9329055547714233
1.9686959981918335
2.001469135284424
2.0312254428863525
2.057964324951172
2.08168625831604
2.102391004562378
2.1200785636901855
2.134748697280884
2.14640212059021
2.1550381183624268
2.1606569290161133
2.1632587909698486
2.1628434658050537
2.1594109535217285
2.152961015701294
2.1434943675994873
2.1310102939605713
2.115509033203125
2.0969908237457275
2.0754554271698
2.050902843475342
2.0233330726623535
1.9927459955215454
1.9591419696807861
1.922520637512207
1.8828822374343872
1.840226650238037
1.7945539951324463
1.7458640336990356
1.6941570043563843
1.6394329071044922
1.5816915035247803
1.5209330320358276
1.4571574926376343
1.3903645277023315
1.3205546140670776
1.2477275133132935
1.1718833446502686
1.0930218696594238
1.0111433267593384
0.9262475371360779
0.8383346796035767
0.7474046945571899
0.6534574627876282
0.5564931631088257
0.45651164650917053
0.3535129725933075
0.24749715626239777
0.13846419751644135
0.026414088904857635
-0.08865318447351456
-0.20673760771751404
-0.327839195728302
