11637.858407974243
321.41761350631714
1.3100509643554688
318.68425826728344
1.1923954039812088
0.9799708425998688
0.2620101869106293
0.0
0.0
0.7179606556892395
0.0
0.0
0.13100509345531464
0.4744347482919693
0.7179606556892395
0.0
0.0
0.0
0.0
0.0
0.0
0.0
0.0
0.0
0.0
0.13100509345531464
0.0
0.0
0.0
0.0
0.0
0.0
0.0
0.0
0.0
0.0
0.0
0.0
0.0
0.0
0.0
0.0
0.0
0.0
0.0
0.0
0.0
0.0
0.0
0.0
0.0
0.0
0.0
0.0
0.0
0.0
0.0
0.0
0.0
0.0
0.0
0.0
0.0
0.13100509345531464
0.0
0.0
0.0
0.0
0.0
0.0
0.0
0.0
0.0
0.0
0.0
0.0
0.0
0.0
0.0
0.0
0.0
0.0
0.0
0.0
0.0
0.0
0.0
0.0
0.0
0.0
0.0
0.0
0.0
0.0
0.0
0.0
0.0
0.0
0.13100509345531464
0.0
