140.65489196777344
5.675778388977051
2.343144655227661
1.2275019884109497
0.5509133338928223
0.3035118281841278
0.27188003063201904
0.24985435605049133
0.2290189564228058
0.2093738466501236
0.19091905653476715
0.17365457117557526
0.1575803905725479
0.1426965296268463
0.12900295853614807
0.11649970710277557
0.10518675297498703
0.09506410360336304
0.08613176643848419
0.0783897340297699
0.07183800637722015
0.06647658348083496
0.06230546906590462
0.05928867682814598
0.056833334267139435
0.054453473538160324
0.052134767174720764
0.04987721145153046
0.0476808063685894
0.0455455482006073
0.04347144439816475
0.04145849123597145
0.039506688714027405
0.03761603310704231
0.03578653559088707
0.03401818126440048
0.032310981303453445
0.030664930120110512
0.02908003143966198
0.02755628153681755
0.026093685999512672
0.0246922355145216
0.023351939395070076
0.022072792053222656
0.020854797214269638
0.019697953015565872
0.01860225945711136
0.017567714676260948
0.01659432053565979
0.015682078897953033
0.01483098790049553
0.014041046611964703
0.013312255963683128
0.012644615955650806
0.012038126587867737
0.01149278786033392
0.011008599773049355
0.010585562326014042
0.010223676450550556
0.009922939352691174
0.009683353826403618
0.009504919871687889
0.009387635625898838
0.00933150202035904
0.009336519986391068
0.009402687661349773
0.009530005045235157
0.009718474932014942
0.009968094527721405
0.01027886476367712
0.010650786571204662
0.011083858087658882
0.01157807931303978
0.012133452109992504
0.012749976478517056
0.013427650555968285
0.014166475273668766
0.0149664506316185
0.01582757756114006
0.016749853268265724
0.01773327961564064
0.018777860328555107
0.019883587956428528
0.02105046808719635
0.022278496995568275
0.023567678406834602
0.024918008595705032
0.026329491287469864
0.027802124619483948
0.029335906729102135
0.030930841341614723
0.032586924731731415
0.03430416062474251
0.03608254715800285
0.03792208060622215
0.039822768419981
0.041784606873989105
0.04380759596824646
0.04589173197746277
0.04803702235221863
