0.001655695028603077
0.0018111130921170115
0.0011037966469302773
0.0010435311123728752
0.0011212401441298425
0.000689872947987169
0.0010435311123728752
0.00035365819348953664
0.0010435311123728752
0.0005518983234651387
0.0005518983234651387
0.001379745895974338
0.000629607355222106
0.0007675819797441363
0.000629607355222106
0.000629607355222106
0.0007675819797441363
0.00027594916173256934
0.0004916327889077365
0.00035365819348953664
0.0009055565460585058
0.00041392375715076923
0.00041392375715076923
0.00041392375715076923
0.0005518983234651387
0.000689872947987169
0.0011815056786872447
0.0008278475143015385
0.0004916327889077365
0.0005518983234651387
0.0005518983234651387
0.00035365819348953664
0.00013797458086628467
0.00041392375715076923
0.0005518983234651387
0.0007675819797441363
0.0011815056786872447
0.0005518983234651387
0.000629607355222106
0.0011037966469302773
0.000689872947987169
0.0011037966469302773
0.0007073163869790733
0.00041392375715076923
0.00041392375715076923
0.0004916327889077365
0.0005693418206647038
0.0007675819797441363
0.0004916327889077365
0.000689872947987169
0.0006470508378697559
0.000689872947987169
0.0005518983234651387
0.0005518983234651387
0.0007850254041841254
0.0
0.0008278475143015385
0.0005518983234651387
0.000629607355222106
0.000689872947987169
0.0004916327889077365
0.0013971893349662423
0.0011037966469302773
0.0015177204040810466
0.0011815056786872447
0.001319480303209275
0.001336923727649264
0.00027594916173256934
0.0014574549277313054
0.0016128729766933247
0.002009353192988783
0.0015954294358380139
0.0011815056786872447
0.0017508474848000333
0.0008452910115011036
0.0011037966469302773
0.001319480303209275
0.0010784181067720056
0.0019316441612318158
0.0023630113573744893
0.001949087716639042
0.001319480303209275
0.0017682910547591746
0.0026992260827682912
0.0022075932938605547
0.003286011458840221
0.0030100622097961605
0.0023804549127817154
0.003975884465035051
0.0047006443492136896
0.004622935317456722
0.006123212253442034
0.00582188437692821
0.00791688179015182
0.00996112241409719
0.010133983101695776
0.011470907251350582
0.028202292043715715
0.05049705505371094
3.019960045814514
