3209.628173828125
159.3013916015625
56.05049133300781
61.95054244995117
26.550233840942383
11.800103187561035
11.800103187561035
14.750129699707031
11.800103187561035
5.900051593780518
2.950025796890259
2.950025796890259
8.850077629089355
2.950025796890259
2.950025796890259
5.900051593780518
2.950025796890259
2.950025796890259
8.850077629089355
0.0
5.900051593780518
0.0
2.950025796890259
0.0
0.0
0.0
0.0
0.0
0.0
2.950025796890259
0.0
0.0
2.950025796890259
2.950025796890259
2.950025796890259
0.0
0.0
0.0
0.0
5.900051593780518
0.0
2.950025796890259
0.0
0.0
0.0
2.950025796890259
0.0
0.0
0.0
0.0
0.0
2.950025796890259
0.0
0.0
0.0
2.950025796890259
0.0
0.0
0.0
2.950025796890259
0.0
0.0
0.0
0.0
0.0
0.0
0.0
0.0
0.0
0.0
2.950025796890259
0.0
2.950025796890259
0.0
0.0
2.950025796890259
0.0
2.950025796890259
2.950025796890259
0.0
0.0
0.0
2.950025796890259
0.0
2.950025796890259
0.0
0.0
2.950025796890259
2.950025796890259
0.0
2.950025796890259
0.0
2.950025796890259
0.0
2.950025796890259
0.0
0.0
8.850077629089355
2.950025796890259
8.850077629089355
