3247.978515625
132.75115966796875
73.75064849853516
47.20041275024414
20.65018081665039
8.850077629089355
17.70015525817871
11.800103187561035
14.750129699707031
5.900051593780518
2.950025796890259
5.900051593780518
0.0
0.0
8.850077629089355
2.950025796890259
5.900051593780518
2.950025796890259
0.0
0.0
5.900051593780518
2.950025796890259
0.0
0.0
2.950025796890259
2.950025796890259
0.0
0.0
2.950025796890259
2.950025796890259
2.950025796890259
0.0
2.950025796890259
0.0
0.0
0.0
0.0
5.900051593780518
0.0
0.0
0.0
0.0
0.0
0.0
0.0
0.0
0.0
0.0
0.0
0.0
0.0
0.0
0.0
2.950025796890259
0.0
0.0
0.0
2.950025796890259
0.0
0.0
0.0
2.950025796890259
2.950025796890259
0.0
0.0
0.0
0.0
0.0
2.950025796890259
0.0
0.0
2.950025796890259
0.0
0.0
2.950025796890259
0.0
0.0
0.0
0.0
2.950025796890259
0.0
0.0
0.0
0.0
2.950025796890259
0.0
5.900051593780518
2.950025796890259
2.950025796890259
0.0
0.0
0.0
2.950025796890259
0.0
2.950025796890259
0.0
0.0
5.900051593780518
5.900051593780518
8.850077629089355
