41237.5390625
1422.2783203125
492.1083068847656
264.5437927246094
210.4971923828125
113.78227233886719
116.62682342529297
82.49214935302734
54.04657745361328
48.35746383666992
56.891136169433594
34.134681701660156
36.9792366027832
45.512908935546875
19.911897659301758
25.601011276245117
22.756454467773438
25.601011276245117
17.067340850830078
22.756454467773438
22.756454467773438
5.689113616943359
17.067340850830078
22.756454467773438
8.533670425415039
11.378227233886719
11.378227233886719
2.8445568084716797
17.067340850830078
2.8445568084716797
5.689113616943359
14.222784042358398
5.689113616943359
5.689113616943359
11.378227233886719
2.8445568084716797
8.533670425415039
31.290124893188477
2.8445568084716797
5.689113616943359
8.533670425415039
5.689113616943359
14.222784042358398
2.8445568084716797
5.689113616943359
8.533670425415039
5.689113616943359
8.533670425415039
0.0
11.378227233886719
14.222784042358398
5.689113616943359
5.689113616943359
2.8445568084716797
8.533670425415039
0.0
2.8445568084716797
0.0
0.0
5.689113616943359
0.0
5.689113616943359
0.0
5.689113616943359
0.0
0.0
5.689113616943359
0.0
5.689113616943359
2.8445568084716797
5.689113616943359
2.8445568084716797
2.8445568084716797
0.0
0.0
0.0
2.8445568084716797
2.8445568084716797
0.0
0.0
5.689113616943359
5.689113616943359
11.378227233886719
0.0
2.8445568084716797
0.0
5.689113616943359
0.0
2.8445568084716797
0.0
0.0
11.378227233886719
8.533670425415039
5.689113616943359
5.689113616943359
2.8445568084716797
2.8445568084716797
5.689113616943359
11.378227233886719
19.911897659301758
