10566.6455078125
877.467041015625
404.2166748046875
164.62460327148438
22.906612396240234
-23.147985458374023
-21.354982376098633
-17.905012130737305
-14.683610916137695
-11.690778732299805
-8.926518440246582
-6.390827178955078
-4.083705425262451
-2.0051541328430176
-0.15517254173755646
1.4662389755249023
2.8590805530548096
4.02335262298584
4.959053993225098
5.666186332702637
6.144747734069824
6.394740104675293
6.416162014007568
6.216543197631836
5.91994047164917
5.628039360046387
5.343839168548584
5.06734037399292
4.7985429763793945
4.53744649887085
4.284050941467285
4.038357257843018
3.8003640174865723
3.5700721740722656
3.3474814891815186
3.132591962814331
2.925403594970703
2.7259163856506348
2.534130334854126
2.3500454425811768
2.173661708831787
2.004979133605957
1.843997836112976
1.6907176971435547
1.5451385974884033
1.4072606563568115
1.2770839929580688
1.1546083688735962
1.0398340225219727
0.9327607154846191
0.83338862657547
0.7417176961898804
0.6577479243278503
0.5814792513847351
0.5129117965698242
0.4520455598831177
0.39888039231300354
0.35341644287109375
0.31565365195274353
0.2855920195579529
0.2632315158843994
0.2485722005367279
0.24161404371261597
0.2423570603132248
0.2508012056350708
0.26694655418395996
0.2907930314540863
0.3223406970500946
0.3615894913673401
0.40853947401046753
0.46319061517715454
0.5255428552627563
0.5955963730812073
0.673350989818573
0.7588067650794983
0.8519636988639832
0.9528217911720276
1.0613811016082764
1.17764151096344
1.301603078842163
1.4332659244537354
1.572629690170288
1.7196948528289795
1.874461054801941
2.036928415298462
2.207097053527832
2.3849666118621826
2.570537567138672
2.7638096809387207
2.964782953262329
3.173457145690918
3.3898327350616455
3.6139094829559326
3.8456873893737793
4.085165977478027
4.332346439361572
4.587227821350098
4.8498101234436035
5.120094299316406
5.398078918457031
