188020.69100952148
6425.702843666077
3851.274953365326
969.1439414024353
962.3589653372765
2.471345067024231
321.2000541687012
1.9288403391838074
1.435921311378479
319.20827865600586
961.1658375561237
2.041361153125763
320.72561943531036
960.6736508905888
1.1923954039812088
1.5358250588178635
0.817864403128624
0.4744347482919693
1.3234004974365234
0.13100509345531464
958.7943962067366
0.6054398417472839
318.68425826728344
0.13100509345531464
0.13100509345531464
1.7793509662151337
0.4744347482919693
0.8489657491445541
0.2620101869106293
1.435921311378479
0.2620101869106293
1.0613903105258942
0.0
0.2620101869106293
0.0
0.8489657491445541
0.0
0.13100509345531464
0.0
0.8489657491445541
1.1923954039812088
0.0
0.8489657491445541
0.0
0.0
0.13100509345531464
0.0
0.13100509345531464
0.13100509345531464
0.0
0.0
0.0
0.0
0.0
0.0
0.0
0.34342965483665466
0.0
0.0
0.13100509345531464
0.0
0.0
0.13100509345531464
0.34342965483665466
0.0
0.0
0.0
0.7179606556892395
0.0
0.13100509345531464
0.0
0.0
0.0
0.13100509345531464
0.0
0.0
0.13100509345531464
0.0
0.0
0.7179606556892395
0.0
0.2620101869106293
0.0
0.7179606556892395
0.0
0.0
0.0
0.7179606556892395
0.13100509345531464
0.2620101869106293
0.34342965483665466
0.0
0.7179606556892395
0.34342965483665466
0.0
0.7179606556892395
0.4744347482919693
0.6868593096733093
0.817864403128624
3.446181148290634
