1363.125
70.03446960449219
30.339710235595703
14.016851425170898
4.273839473724365
0.9623094797134399
0.873175323009491
0.9064210653305054
0.9355015754699707
0.960416853427887
0.9811669588088989
0.9977518320083618
1.0101714134216309
1.0184258222579956
1.022515058517456
1.0224390029907227
1.018197774887085
1.0097912549972534
0.9972196221351624
0.9804826974868774
0.9595805406570435
0.93451327085495
0.905280590057373
0.8720424771308899
0.8374286890029907
0.8035950064659119
0.7706049680709839
0.7384585738182068
0.7071558833122253
0.6766968369483948
0.6470814943313599
0.6183099150657654
0.590381920337677
0.5632976293563843
0.5370569825172424
0.5116600394248962
0.4871067702770233
0.46339717507362366
0.44053128361701965
0.41850903630256653
0.39733046293258667
0.3769955635070801
0.35750436782836914
0.33885684609413147
0.32105299830436707
0.3040928244590759
0.28797632455825806
0.27270349860191345
0.2582743465900421
0.24468888342380524
0.23194709420204163
0.22004897892475128
0.2089945375919342
0.1987837851047516
0.18941669166088104
0.18089328706264496
0.17321355640888214
0.1663774996995926
0.1603851169347763
0.15523642301559448
0.15093140304088593
0.14747005701065063
0.1448523998260498
0.14307840168476105
0.14214809238910675
0.14206144213676453
0.14281848073005676
0.14441919326782227
0.14686359465122223
0.15015166997909546
0.15428340435028076
0.15925884246826172
0.16507792472839355
0.17174072563648224
0.1792471706867218
0.18759730458259583
0.19679111242294312
0.20682859420776367
0.2177097499370575
0.22943459451198578
0.24200311303138733
0.25541529059410095
0.26967117190361023
0.2847706973552704
0.3007139563560486
0.3175008296966553
0.33513143658638
0.3536056876182556
0.3729236125946045
0.39308521151542664
0.41409048438072205
0.4359394907951355
0.45863211154937744
0.48216840624809265
0.5065484642982483
0.5317720770835876
0.5578394532203674
0.5847504734992981
0.6125051379203796
0.6411035060882568
