0.003673994870041497
0.003673994870041497
0.0032007085683289915
0.0024298105417983606
0.0015417962858919054
0.0017385970131726936
0.002589179784990847
0.002350125927478075
0.001658912398852408
0.0015206696698442101
0.002015082471189089
0.0020736404694616795
0.001658912398852408
0.0020736404694616795
0.0006912135286256671
0.0013824270572513342
0.0015206696698442101
0.0017971551278606057
0.0019353978568688035
0.002015082471189089
0.0011856262135552242
0.001658912398852408
0.0015417962858919054
0.0015206696698442101
0.001323868942563422
0.0009888254280667752
0.0010473835427546874
0.002153325083781965
0.0017385970131726936
0.0016800388984847814
0.0020736404694616795
0.0009091408137464896
0.0012441843282431364
0.0011059415992349386
0.0015206696698442101
0.0014621116715716198
0.000829456199426204
0.001658912398852408
0.0010473835427546874
0.0009302673861384392
0.002350125927478075
0.0009676989284344018
0.0013449954567477107
0.0017385970131726936
0.001658912398852408
0.000829456199426204
0.001127068157074973
0.0016800388984847814
0.000829456199426204
0.0020736404694616795
0.000829456199426204
0.002291567812790163
0.0017385970131726936
0.0016003542841644958
0.0016003542841644958
0.0019353978568688035
0.0013824270572513342
0.001956524356501177
0.0020736404694616795
0.002015082471189089
0.0020736404694616795
0.0009676989284344018
0.0032592666830169037
0.0023126943269744515
0.0032007085683289915
0.002488368656486273
0.0033389512973371893
0.003317824797704816
0.0024298105417983606
0.002350125927478075
0.002036208985373378
0.002488368656486273
0.004466019396204501
0.0034560675267130136
0.003477194026345387
0.003971606842242181
0.002844538728822954
0.0022330096981022507
0.002291567812790163
0.004583135625580326
0.0035780051548499614
0.003971606842242181
0.00638029063702561
0.006321732536889613
0.005907004815526307
0.0056516458571422845
0.00723087351070717
0.007347989740082994
0.00762447519809939
0.008336814877111465
0.009346766979433596
0.013020761660300195
0.012526349746622145
0.015530257252976298
0.021240460337139666
0.027918364270590246
0.03412298206239939
0.053859077394008636
0.09393131546676159
6.046224594116211
