17537.435546875
832.1499633789062
351.2968444824219
211.77468872070312
104.64160919189453
112.11601257324219
64.77813720703125
67.26960754394531
52.320804595947266
52.320804595947266
27.40613555908203
42.35493850708008
24.914669036865234
24.914669036865234
29.89760398864746
22.423202514648438
12.457334518432617
17.440269470214844
17.440269470214844
7.474400997161865
12.457334518432617
9.96586799621582
29.89760398864746
12.457334518432617
14.94880199432373
7.474400997161865
0.0
12.457334518432617
7.474400997161865
12.457334518432617
4.98293399810791
14.94880199432373
4.98293399810791
9.96586799621582
14.94880199432373
9.96586799621582
2.491466999053955
4.98293399810791
7.474400997161865
4.98293399810791
4.98293399810791
2.491466999053955
4.98293399810791
4.98293399810791
4.98293399810791
2.491466999053955
4.98293399810791
2.491466999053955
4.98293399810791
7.474400997161865
4.98293399810791
4.98293399810791
2.491466999053955
0.0
4.98293399810791
4.98293399810791
7.474400997161865
7.474400997161865
7.474400997161865
4.98293399810791
2.491466999053955
0.0
7.474400997161865
4.98293399810791
2.491466999053955
0.0
2.491466999053955
2.491466999053955
7.474400997161865
2.491466999053955
0.0
2.491466999053955
0.0
0.0
0.0
0.0
0.0
0.0
2.491466999053955
2.491466999053955
2.491466999053955
7.474400997161865
0.0
4.98293399810791
4.98293399810791
0.0
4.98293399810791
2.491466999053955
2.491466999053955
4.98293399810791
2.491466999053955
2.491466999053955
0.0
2.491466999053955
4.98293399810791
4.98293399810791
9.96586799621582
4.98293399810791
7.474400997161865
29.89760398864746
