17599.853515625
858.45751953125
380.5533447265625
135.70118713378906
120.95106506347656
94.40082550048828
88.50077819824219
56.05049133300781
61.95054244995117
38.350337982177734
23.60020637512207
20.65018081665039
14.750129699707031
41.30036163330078
29.500259399414062
23.60020637512207
8.850077629089355
17.70015525817871
0.0
11.800103187561035
5.900051593780518
23.60020637512207
14.750129699707031
11.800103187561035
23.60020637512207
8.850077629089355
11.800103187561035
20.65018081665039
8.850077629089355
2.950025796890259
11.800103187561035
2.950025796890259
8.850077629089355
2.950025796890259
8.850077629089355
5.900051593780518
2.950025796890259
2.950025796890259
0.0
2.950025796890259
5.900051593780518
0.0
14.750129699707031
2.950025796890259
2.950025796890259
8.850077629089355
2.950025796890259
2.950025796890259
0.0
2.950025796890259
8.850077629089355
0.0
2.950025796890259
5.900051593780518
8.850077629089355
2.950025796890259
2.950025796890259
11.800103187561035
2.950025796890259
5.900051593780518
2.950025796890259
5.900051593780518
2.950025796890259
0.0
5.900051593780518
0.0
2.950025796890259
5.900051593780518
8.850077629089355
0.0
0.0
0.0
0.0
2.950025796890259
2.950025796890259
5.900051593780518
0.0
0.0
0.0
5.900051593780518
2.950025796890259
0.0
0.0
8.850077629089355
0.0
5.900051593780518
0.0
0.0
2.950025796890259
0.0
2.950025796890259
2.950025796890259
2.950025796890259
2.950025796890259
0.0
5.900051593780518
5.900051593780518
8.850077629089355
8.850077629089355
29.500259399414062
