90505.265625
5916.67822265625
2173.241455078125
1203.24755859375
824.9214477539062
568.911376953125
347.0359191894531
321.4349060058594
210.4971923828125
179.2070770263672
167.82884216308594
130.849609375
122.3159408569336
110.93771362304688
105.24859619140625
113.78227233886719
65.4248046875
65.4248046875
54.04657745361328
82.49214935302734
48.35746383666992
45.512908935546875
34.134681701660156
54.04657745361328
28.445568084716797
25.601011276245117
62.58024978637695
34.134681701660156
25.601011276245117
31.290124893188477
45.512908935546875
19.911897659301758
17.067340850830078
19.911897659301758
31.290124893188477
28.445568084716797
19.911897659301758
28.445568084716797
19.911897659301758
28.445568084716797
28.445568084716797
31.290124893188477
14.222784042358398
22.756454467773438
14.222784042358398
8.533670425415039
17.067340850830078
11.378227233886719
17.067340850830078
14.222784042358398
5.689113616943359
19.911897659301758
17.067340850830078
14.222784042358398
8.533670425415039
22.756454467773438
11.378227233886719
5.689113616943359
5.689113616943359
11.378227233886719
11.378227233886719
19.911897659301758
14.222784042358398
11.378227233886719
2.8445568084716797
22.756454467773438
19.911897659301758
8.533670425415039
14.222784042358398
8.533670425415039
17.067340850830078
14.222784042358398
11.378227233886719
8.533670425415039
11.378227233886719
19.911897659301758
17.067340850830078
11.378227233886719
8.533670425415039
0.0
8.533670425415039
28.445568084716797
17.067340850830078
5.689113616943359
11.378227233886719
0.0
25.601011276245117
17.067340850830078
8.533670425415039
19.911897659301758
19.911897659301758
11.378227233886719
11.378227233886719
19.911897659301758
8.533670425415039
22.756454467773438
25.601011276245117
25.601011276245117
31.290124893188477
105.24859619140625
