181234.6875
14931.935546875
-16.05788803100586
-36.767181396484375
164.54795837402344
310.29901123046875
400.4859313964844
435.1087951660156
417.3603820800781
380.9504699707031
346.1119384765625
313.1199645996094
281.974609375
252.67581176757812
225.2236328125
199.61801147460938
175.85899353027344
153.94654846191406
133.8806915283203
115.66141510009766
99.28873443603516
84.76263427734375
72.08312225341797
61.25019836425781
52.26385498046875
45.12409591674805
39.830928802490234
36.384342193603516
34.782569885253906
34.52690887451172
34.43715286254883
34.342594146728516
34.24323272705078
34.13906478881836
34.03009796142578
33.916324615478516
33.797752380371094
33.674373626708984
33.54619216918945
33.413204193115234
33.27541732788086
33.1328239440918
32.98543167114258
32.83323287963867
32.676231384277344
32.514427185058594
32.34782028198242
32.17641067504883
32.00019454956055
31.819175720214844
31.63335418701172
31.442729949951172
31.247304916381836
31.047073364257812
30.842041015625
30.6322021484375
30.41756248474121
30.1981201171875
29.9738712310791
29.744823455810547
29.510969161987305
29.272314071655273
29.028852462768555
28.780590057373047
28.527523040771484
28.269655227661133
28.006980895996094
27.739505767822266
27.467226028442383
27.190143585205078
26.90825843811035
26.62156867980957
26.330076217651367
26.033781051635742
25.732681274414062
25.42677879333496
25.116073608398438
24.800565719604492
24.480253219604492
24.155139923095703
23.825220108032227
23.49049949645996
23.15097427368164
22.8066463470459
22.4575138092041
22.103580474853516
21.744842529296875
21.38129997253418
21.012956619262695
20.639808654785156
20.261857986450195
19.87910270690918
19.491546630859375
19.099185943603516
18.702022552490234
18.30005645751953
17.89328384399414
17.481712341308594
17.06533432006836
16.644153594970703
