8800.788883209229
5.930143117904663
3.464665412902832
1.9103560596704483
1.1923954039812088
2.4158922135829926
1.828936606645584
959.7247814238071
2.041361153125763
0.34342965483665466
0.13100509345531464
0.34342965483665466
0.7179606556892395
0.0
0.7179606556892395
0.0
0.0
0.0
0.4744347482919693
0.0
0.0
0.7179606556892395
0.34342965483665466
0.7179606556892395
0.0
0.0
0.0
1.0613903105258942
0.0
0.0
0.0
0.0
0.0
0.0
0.0
958.7943962067366
0.0
0.0
0.0
0.0
0.0
0.7179606556892395
0.0
0.0
0.0
0.0
0.0
0.0
0.0
0.0
0.0
0.0
0.0
0.0
0.34342965483665466
0.0
0.7179606556892395
0.0
0.0
0.0
0.0
0.34342965483665466
0.0
1.435921311378479
0.7179606556892395
0.0
0.0
0.0
0.0
0.0
0.0
0.0
0.0
0.0
0.13100509345531464
0.0
0.0
0.0
0.0
0.0
0.0
0.0
0.0
0.34342965483665466
0.34342965483665466
0.0
0.0
0.0
0.0
0.0
0.0
0.0
0.0
0.0
0.0
0.0
958.6633911132812
0.7179606556892395
0.34342965483665466
0.13100509345531464
