180.55804443359375
8.467049598693848
2.979400873184204
1.9630664587020874
1.0631358623504639
1.065309762954712
1.42876398563385
0.6844549179077148
0.43200403451919556
0.8661820292472839
0.06637591868638992
0.18390104174613953
1.2296361923217773
0.0
0.0
0.18390104174613953
0.0
0.36562812328338623
0.6159051060676575
0.0
0.06637591868638992
0.0
0.7976321578025818
0.36780208349227905
0.0
0.25027695298194885
0.0
0.0
0.06637591868638992
0.0
0.36562812328338623
0.06637591868638992
0.0
0.06637591868638992
0.0
0.0
0.0
0.0
0.0
0.0
0.36562812328338623
0.18390104174613953
0.5495291948318481
0.0
0.06637591868638992
0.0
0.0
0.0
0.36562812328338623
0.18390104174613953
0.0
0.0
0.06637591868638992
0.0
0.0
0.36562812328338623
0.36562812328338623
0.0
0.0
0.0
0.18390104174613953
0.36562812328338623
0.0
0.0
0.13275183737277985
0.0
0.0
0.0
0.0
0.0
0.36562812328338623
0.0
0.0
0.0
0.36562812328338623
0.0
0.06637591868638992
0.13275183737277985
0.0
0.25027695298194885
0.0
0.36562812328338623
0.0
0.0
0.0
0.18390104174613953
0.0
0.0
0.36562812328338623
0.0
0.18390104174613953
0.0
0.0
0.0
0.18390104174613953
0.0
0.36562812328338623
0.18390104174613953
0.25027695298194885
0.0
