0.007401069160550833
0.004714655689895153
0.005381781607866287
0.004541158210486174
0.0047969273291528225
0.0037005345802754164
0.0024395992513746023
0.001937016029842198
0.001260935328900814
0.001260935328900814
0.0029421825893223286
0.006560445763170719
0.003782806219533086
0.005043741315603256
0.0021015589591115713
0.0020192875526845455
0.003535991534590721
0.003115680068731308
0.0041208467446267605
0.001260935328900814
0.0026953681372106075
0.002859910950064659
0.0047969273291528225
0.002521870657801628
0.002777639776468277
0.002859910950064659
0.004376615397632122
0.001260935328900814
0.0020192875526845455
0.004541158210486174
0.0015167042147368193
0.0020192875526845455
0.0024395992513746023
0.002859910950064659
0.0032802228815853596
0.0026953681372106075
0.004541158210486174
0.003782806219533086
0.00319795124232769
0.0023573278449475765
0.0016812471440061927
0.002777639776468277
0.004623429849743843
0.003874032059684396
0.0021015589591115713
0.00319795124232769
0.002521870657801628
0.0021015589591115713
0.0032802228815853596
0.0033624942880123854
0.0033624942880123854
0.0032802228815853596
0.002859910950064659
0.00429434422403574
0.0020192875526845455
0.002859910950064659
0.0033624942880123854
0.002521870657801628
0.0024395992513746023
0.004541158210486174
0.005299510434269905
0.004623429849743843
0.0058110482059419155
0.003956303466111422
0.0037005345802754164
0.004879198502749205
0.002859910950064659
0.00319795124232769
0.0036182631738483906
0.004961470142006874
0.007821381092071533
0.00429434422403574
0.00975839700549841
0.004623429849743843
0.005719821900129318
0.007821381092071533
0.006231360137462616
0.005802093539386988
0.008415190503001213
0.009091271087527275
0.00916458759456873
0.004879198502749205
0.008415190503001213
0.010607975535094738
0.011366328224539757
0.012618307955563068
0.009420356713235378
0.013285434804856777
0.01565171778202057
0.014975637197494507
0.019434522837400436
0.016501296311616898
0.02573920041322708
0.027676215395331383
0.03963635116815567
0.05098477005958557
0.06505542248487473
0.09659671783447266
0.17334754765033722
14.074935913085938
