10167.947265625
543.17041015625
251.27978515625
124.37080383300781
104.06536102294922
76.1453857421875
71.06903076171875
45.687232971191406
30.458154678344727
40.61087417602539
25.38179588317871
15.229077339172363
20.305437088012695
20.305437088012695
15.229077339172363
12.690897941589355
15.229077339172363
15.229077339172363
10.152718544006348
17.767257690429688
20.305437088012695
10.152718544006348
2.538179636001587
25.38179588317871
2.538179636001587
5.076359272003174
17.767257690429688
7.614538669586182
7.614538669586182
10.152718544006348
12.690897941589355
5.076359272003174
2.538179636001587
5.076359272003174
5.076359272003174
12.690897941589355
5.076359272003174
5.076359272003174
7.614538669586182
2.538179636001587
10.152718544006348
7.614538669586182
12.690897941589355
7.614538669586182
12.690897941589355
5.076359272003174
5.076359272003174
2.538179636001587
7.614538669586182
0.0
10.152718544006348
0.0
10.152718544006348
2.538179636001587
5.076359272003174
0.0
2.538179636001587
7.614538669586182
7.614538669586182
7.614538669586182
7.614538669586182
10.152718544006348
2.538179636001587
10.152718544006348
5.076359272003174
5.076359272003174
5.076359272003174
2.538179636001587
0.0
2.538179636001587
2.538179636001587
0.0
2.538179636001587
7.614538669586182
5.076359272003174
5.076359272003174
0.0
2.538179636001587
0.0
10.152718544006348
5.076359272003174
7.614538669586182
7.614538669586182
5.076359272003174
5.076359272003174
0.0
5.076359272003174
2.538179636001587
5.076359272003174
5.076359272003174
0.0
5.076359272003174
2.538179636001587
0.0
2.538179636001587
7.614538669586182
10.152718544006348
7.614538669586182
15.229077339172363
58.37813186645508
