10189.3896484375
554.6048583984375
236.0020751953125
126.85111236572266
97.3508529663086
82.60072326660156
61.95054244995117
20.65018081665039
44.250389099121094
38.350337982177734
35.40031051635742
32.45028305053711
14.750129699707031
8.850077629089355
20.65018081665039
20.65018081665039
8.850077629089355
14.750129699707031
5.900051593780518
11.800103187561035
17.70015525817871
8.850077629089355
5.900051593780518
8.850077629089355
8.850077629089355
8.850077629089355
8.850077629089355
5.900051593780518
5.900051593780518
8.850077629089355
14.750129699707031
8.850077629089355
5.900051593780518
8.850077629089355
8.850077629089355
11.800103187561035
11.800103187561035
8.850077629089355
5.900051593780518
5.900051593780518
8.850077629089355
8.850077629089355
0.0
2.950025796890259
11.800103187561035
8.850077629089355
2.950025796890259
8.850077629089355
8.850077629089355
5.900051593780518
5.900051593780518
0.0
5.900051593780518
2.950025796890259
5.900051593780518
5.900051593780518
5.900051593780518
2.950025796890259
2.950025796890259
8.850077629089355
2.950025796890259
0.0
8.850077629089355
2.950025796890259
2.950025796890259
8.850077629089355
5.900051593780518
5.900051593780518
0.0
2.950025796890259
11.800103187561035
0.0
2.950025796890259
0.0
0.0
5.900051593780518
2.950025796890259
2.950025796890259
2.950025796890259
2.950025796890259
11.800103187561035
5.900051593780518
5.900051593780518
2.950025796890259
8.850077629089355
5.900051593780518
0.0
5.900051593780518
2.950025796890259
0.0
8.850077629089355
5.900051593780518
0.0
0.0
2.950025796890259
14.750129699707031
2.950025796890259
5.900051593780518
8.850077629089355
67.85059356689453
