175756.625
7489.7177734375
3029.452880859375
1652.6875
1191.8692626953125
776.56396484375
568.911376953125
492.1083068847656
386.8597106933594
315.74578857421875
247.4764404296875
247.4764404296875
184.8961944580078
196.2744140625
173.51795959472656
130.849609375
153.60606384277344
128.0050506591797
85.33670043945312
96.71492767333984
71.11392211914062
73.9584732055664
85.33670043945312
56.891136169433594
65.4248046875
51.202022552490234
68.26936340332031
82.49214935302734
48.35746383666992
36.9792366027832
36.9792366027832
51.202022552490234
19.911897659301758
45.512908935546875
28.445568084716797
31.290124893188477
45.512908935546875
31.290124893188477
42.66835021972656
31.290124893188477
31.290124893188477
31.290124893188477
34.134681701660156
42.66835021972656
42.66835021972656
28.445568084716797
17.067340850830078
34.134681701660156
8.533670425415039
31.290124893188477
28.445568084716797
17.067340850830078
11.378227233886719
36.9792366027832
28.445568084716797
34.134681701660156
22.756454467773438
19.911897659301758
14.222784042358398
19.911897659301758
11.378227233886719
14.222784042358398
25.601011276245117
28.445568084716797
22.756454467773438
25.601011276245117
14.222784042358398
8.533670425415039
14.222784042358398
8.533670425415039
14.222784042358398
8.533670425415039
17.067340850830078
17.067340850830078
19.911897659301758
5.689113616943359
17.067340850830078
11.378227233886719
19.911897659301758
14.222784042358398
22.756454467773438
25.601011276245117
17.067340850830078
19.911897659301758
17.067340850830078
5.689113616943359
11.378227233886719
19.911897659301758
22.756454467773438
11.378227233886719
19.911897659301758
11.378227233886719
11.378227233886719
17.067340850830078
51.202022552490234
28.445568084716797
14.222784042358398
17.067340850830078
51.202022552490234
96.71492767333984
