8404.77734375
721.3082885742188
393.1142883300781
226.75889587402344
124.68657684326172
85.45645904541016
77.90350341796875
71.92193603515625
66.2828140258789
60.986141204833984
56.03190994262695
51.420127868652344
47.15079116821289
43.223899841308594
39.63945770263672
36.39745330810547
33.497901916503906
30.9407958984375
28.72613525390625
26.853918075561523
25.324148178100586
24.136823654174805
23.29194450378418
22.77863883972168
22.417728424072266
22.062353134155273
21.708175659179688
21.355201721191406
21.003427505493164
20.65285301208496
20.303482055664062
19.955310821533203
19.608339309692383
19.262569427490234
18.917999267578125
18.57463264465332
18.232463836669922
17.891496658325195
17.551733016967773
17.213167190551758
16.875802993774414
16.539640426635742
16.20467758178711
15.870915412902832
15.538354873657227
15.206995010375977
14.876836776733398
14.54787826538086
14.220120429992676
13.893564224243164
13.568208694458008
13.244053840637207
12.921100616455078
12.599347114562988
12.278794288635254
11.959443092346191
11.641291618347168
11.324342727661133
11.008593559265137
10.694045066833496
10.380698204040527
10.068552017211914
9.757606506347656
9.447861671447754
9.139317512512207
8.831974983215332
8.525833129882812
8.220890998840332
7.917150974273682
7.6146111488342285
7.313272476196289
7.013134479522705
6.714197158813477
6.416460990905762
6.119925498962402
5.824590682983398
5.530457019805908
5.237524032592773
4.945792198181152
4.6552605628967285
4.365930557250977
4.077800750732422
3.790872097015381
3.5051441192626953
3.2206170558929443
2.937290906906128
2.655165672302246
2.3742411136627197
2.094517469406128
1.8159946203231812
1.5386725664138794
1.2625513076782227
0.98763108253479
0.7139116525650024
0.4413929879665375
0.1700752079486847
-0.10004173219203949
-0.3689578175544739
-0.636673092842102
-0.9031875133514404
