32127.885139465332
24070.078243255615
34652.20263671875
26336.576259613037
18624.93092727661
9978.15013885498
5821.171333312988
5160.856019020081
4506.915535926819
2898.844304561615
1624.6993408203125
1935.37517786026
3848.3379287719727
2248.4928522109985
1612.1538100242615
650.8259482383728
329.85093545913696
2242.5390899181366
2564.3572523593903
645.7892215251923
2243.532461643219
1920.4078874588013
327.492843747139
8.407355666160583
324.30794060230255
5.836839079856873
3.2077900171279907
323.8157538175583
4.313631236553192
2.2589204907417297
323.4908084869385
641.9944760799408
2.1094310581684113
2.1094310581684113
3.333660304546356
1282.8351916074753
323.8157538175583
3.595670521259308
2.9399126172065735
1.979158490896225
3.808095097541809
959.6618462502956
2.371441274881363
1919.9735832214355
641.289132475853
3.252240836620331
319.42070320248604
0.13100509345531464
962.077738493681
1.3418847918510437
0.5240203738212585
0.6054398417472839
320.51319485902786
1.8792546838521957
1.7164157927036285
0.5240203738212585
320.4636092334986
320.6760337948799
2.190850555896759
0.817864403128624
0.8489657491445541
2.059845447540283
0.4744347482919693
0.3930152952671051
319.63312777876854
0.6054398417472839
1.3418847918510437
1.9784260094165802
3.495766818523407
0.5240203738212585
1.666830152273178
0.817864403128624
1278.540044784546
0.8674500286579132
959.5308411419392
319.50212267041206
1.9599416851997375
960.704752266407
1.6979314982891083
0.9488694965839386
1.0613903105258942
2.190850555896759
1.7164157927036285
0.9799708425998688
0.8674500286579132
1277.8220841288567
319.7952342033386
959.8557865172625
0.5240203738212585
1.4728899002075195
961.0977675616741
1.4233042299747467
1.797835260629654
959.6122606098652
2.4158922135829926
320.6130986213684
3.626771926879883
2.059845447540283
4.101206660270691
331.2321364879608
