203.3585205078125
191.3821563720703
174.24319458007812
152.6744384765625
129.629638671875
105.98783874511719
83.60676574707031
64.28096008300781
48.08366775512695
35.014892578125
25.07464027404785
18.262903213500977
14.576730728149414
13.19372272491455
12.171660423278809
11.230268478393555
10.369547843933105
9.589497566223145
8.890118598937988
8.271409034729004
7.733370780944824
7.276002407073975
6.89930534362793
6.600896835327148
6.341526508331299
6.089021682739258
5.842434406280518
5.60176420211792
5.367010593414307
5.138174057006836
4.915254592895508
4.698252201080322
4.487166881561279
4.281998634338379
4.082747459411621
3.8894128799438477
3.701995611190796
3.5204951763153076
3.344911813735962
3.175245523452759
3.0114963054656982
2.853663921356201
2.7017486095428467
2.5557503700256348
2.4156689643859863
2.2815046310424805
2.1532576084136963
2.0309271812438965
1.9145139455795288
1.8040177822113037
1.699438452720642
1.6007763147354126
1.5080310106277466
1.4212028980255127
1.3402917385101318
1.265297532081604
1.1962203979492188
1.1330602169036865
1.0758169889450073
1.0244908332824707
0.9790816903114319
0.9395896196365356
0.9060144424438477
0.8783563375473022
0.8566151857376099
0.8407911062240601
0.8308839797973633
0.8268939256668091
0.8288208842277527
0.8366647958755493
0.8504257202148438
0.8701037168502808
0.895698606967926
0.9272106289863586
0.9646395444869995
1.0079854726791382
1.057248592376709
1.1124285459518433
1.1735255718231201
1.24053955078125
1.3134706020355225
1.3923187255859375
1.477083683013916
1.567765712738037
1.6643648147583008
1.7668808698654175
1.8753139972686768
1.989664077758789
2.109931230545044
2.2361152172088623
2.3682162761688232
2.5062344074249268
2.650169610977173
2.8000216484069824
2.9557907581329346
3.1174769401550293
3.2850801944732666
3.4586002826690674
3.63803768157959
3.823391914367676
