57.35612487792969
152.21823120117188
150.0137939453125
198.71548461914062
227.90382385253906
218.40228271484375
234.18035888671875
184.794921875
251.99952697753906
239.7832794189453
277.11578369140625
221.79061889648438
239.2729949951172
253.3568878173828
233.49659729003906
258.44952392578125
300.87469482421875
282.54522705078125
220.43325805664062
248.93783569335938
218.0553436279297
265.0628662109375
271.1760559082031
265.4098205566406
263.70550537109375
219.9229736328125
283.0555114746094
276.6054992675781
239.2729949951172
293.9143981933594
268.2878723144531
284.2393798828125
295.60858154296875
256.07159423828125
300.87469482421875
267.4407958984375
267.26727294921875
320.7248229980469
313.427734375
275.5849609375
378.76470947265625
261.83782958984375
327.69525146484375
331.4203796386719
399.13531494140625
359.93511962890625
253.00994873046875
305.620361328125
353.8219299316406
312.40716552734375
399.80889892578125
343.4631652832031
346.68817138671875
385.0412292480469
344.31024169921875
357.21026611328125
389.1133117675781
439.1824951171875
431.0281982421875
447.32666015625
433.2427978515625
401.5030517578125
453.26641845703125
425.5987548828125
513.1739501953125
486.8636474609375
514.694580078125
576.8065795898438
556.6094970703125
584.9609375
578.3272705078125
722.07470703125
730.7291259765625
676.2510986328125
622.2832641601562
715.104248046875
712.8998413085938
803.189697265625
832.367919921875
842.55322265625
984.5963134765625
1127.8232421875
1035.5125732421875
1189.935302734375
1202.3046875
1302.953369140625
1449.068603515625
1586.365966796875
1648.4576416015625
1927.12451171875
1995.849853515625
2148.068115234375
2563.665283203125
3109.742431640625
3648.563232421875
4300.7490234375
6044.8134765625
7843.48876953125
13129.619140625
71498.4765625
