3550.34033203125
2297.132568359375
1686.72314453125
1380.272705078125
1235.767578125
1058.8734130859375
764.88037109375
712.5595703125
545.6312866210938
490.8190002441406
398.63470458984375
386.1773681640625
316.4162902832031
291.50164794921875
226.72349548339844
214.2661590576172
224.23202514648438
209.28321838378906
209.28321838378906
154.470947265625
132.04774475097656
159.45388793945312
102.150146484375
122.08187866210938
94.67574310302734
94.67574310302734
117.09894561767578
119.59041595458984
69.76107788085938
72.2525405883789
62.28667449951172
77.2354736328125
62.28667449951172
39.86347198486328
59.79520797729492
49.82933807373047
54.81227111816406
54.81227111816406
37.372005462646484
69.76107788085938
34.88053894042969
54.81227111816406
44.846405029296875
44.846405029296875
32.389068603515625
42.35493850708008
37.372005462646484
34.88053894042969
34.88053894042969
32.389068603515625
47.33787155151367
32.389068603515625
49.82933807373047
24.914669036865234
22.423202514648438
19.93173599243164
27.40613555908203
42.35493850708008
22.423202514648438
22.423202514648438
22.423202514648438
22.423202514648438
24.914669036865234
39.86347198486328
29.89760398864746
27.40613555908203
12.457334518432617
42.35493850708008
24.914669036865234
39.86347198486328
32.389068603515625
24.914669036865234
34.88053894042969
24.914669036865234
39.86347198486328
34.88053894042969
19.93173599243164
24.914669036865234
32.389068603515625
27.40613555908203
17.440269470214844
24.914669036865234
17.440269470214844
14.94880199432373
24.914669036865234
22.423202514648438
27.40613555908203
29.89760398864746
34.88053894042969
39.86347198486328
22.423202514648438
29.89760398864746
27.40613555908203
42.35493850708008
49.82933807373047
32.389068603515625
42.35493850708008
39.86347198486328
54.81227111816406
161.9453582763672
