3542.981201171875
2286.27001953125
1708.06494140625
1359.9619140625
1280.311279296875
941.0582885742188
802.4070434570312
660.8057861328125
654.90576171875
504.4544372558594
404.1535339355469
356.953125
359.9031677246094
274.3524169921875
256.6522521972656
256.6522521972656
197.6517333984375
227.15199279785156
168.15147399902344
179.9515838623047
115.05101013183594
150.45132446289062
118.00103759765625
112.10098266601562
88.50077819824219
120.95106506347656
135.70118713378906
91.4508056640625
56.05049133300781
70.80062103271484
59.000518798828125
59.000518798828125
67.85059356689453
56.05049133300781
53.100467681884766
50.15044021606445
53.100467681884766
67.85059356689453
56.05049133300781
64.90056610107422
47.20041275024414
38.350337982177734
50.15044021606445
26.550233840942383
59.000518798828125
26.550233840942383
32.45028305053711
35.40031051635742
38.350337982177734
32.45028305053711
44.250389099121094
38.350337982177734
35.40031051635742
35.40031051635742
38.350337982177734
17.70015525817871
23.60020637512207
17.70015525817871
32.45028305053711
14.750129699707031
35.40031051635742
20.65018081665039
14.750129699707031
41.30036163330078
29.500259399414062
32.45028305053711
29.500259399414062
20.65018081665039
29.500259399414062
29.500259399414062
29.500259399414062
38.350337982177734
38.350337982177734
20.65018081665039
17.70015525817871
26.550233840942383
20.65018081665039
41.30036163330078
20.65018081665039
17.70015525817871
17.70015525817871
29.500259399414062
23.60020637512207
17.70015525817871
29.500259399414062
32.45028305053711
17.70015525817871
32.45028305053711
29.500259399414062
35.40031051635742
17.70015525817871
53.100467681884766
32.45028305053711
44.250389099121094
44.250389099121094
26.550233840942383
38.350337982177734
17.70015525817871
50.15044021606445
153.40135192871094
