14282.51953125
11745.1748046875
8516.6025390625
7466.96142578125
6562.392578125
5302.25390625
4454.57568359375
3837.30712890625
3333.820556640625
2801.888427734375
2426.406982421875
2184.61962890625
1928.6094970703125
1723.8013916015625
1598.640869140625
1408.0555419921875
1194.7138671875
1208.9366455078125
1058.1751708984375
887.501708984375
859.05615234375
790.7868041992188
785.09765625
762.3411865234375
731.0510864257812
622.9579467773438
642.8698120117188
617.268798828125
497.79742431640625
418.14984130859375
449.4399719238281
452.2845153808594
438.0617370605469
366.94781494140625
435.2171936035156
375.4814758300781
378.3260498046875
327.1240234375
361.2586975097656
301.52301025390625
301.52301025390625
238.94276428222656
250.3209991455078
230.4091033935547
310.0566711425781
250.3209991455078
247.4764404296875
281.6111145019531
199.1189727783203
258.85467529296875
182.0516357421875
213.3417510986328
201.96353149414062
173.51795959472656
142.22784423828125
190.58529663085938
164.9842987060547
147.9169464111328
156.45062255859375
187.74073791503906
167.82884216308594
99.55948638916016
176.36251831054688
125.1604995727539
156.45062255859375
93.87036895751953
142.22784423828125
173.51795959472656
162.13973999023438
150.76150512695312
159.29518127441406
145.0723876953125
102.40404510498047
113.78227233886719
116.62682342529297
110.93771362304688
125.1604995727539
147.9169464111328
136.53872680664062
133.6941680908203
128.0050506591797
133.6941680908203
133.6941680908203
128.0050506591797
136.53872680664062
119.47138214111328
119.47138214111328
110.93771362304688
113.78227233886719
93.87036895751953
122.3159408569336
119.47138214111328
125.1604995727539
159.29518127441406
142.22784423828125
145.0723876953125
147.9169464111328
150.76150512695312
216.18630981445312
745.2738647460938
