34677.26953125
24550.6484375
33240.0
26619.47265625
17772.869140625
11349.900390625
7422.462890625
4869.71337890625
3184.45068359375
2352.736328125
2019.6168212890625
1770.0970458984375
1580.636962890625
1451.2174072265625
1370.5010986328125
1308.0726318359375
1258.884521484375
1222.936767578125
1200.2291259765625
1170.54248046875
1043.3538818359375
793.3399658203125
456.1326599121094
217.22740173339844
136.79266357421875
204.4275360107422
313.5381164550781
401.73870849609375
468.24212646484375
513.0484008789062
536.1575317382812
537.5693969726562
517.7872314453125
487.96563720703125
459.0331115722656
431.4474792480469
405.20867919921875
380.3168029785156
356.77178955078125
334.5736083984375
313.7223815917969
294.218017578125
276.06048583984375
259.2498779296875
243.7861328125
229.6692657470703
216.8992919921875
205.47618103027344
195.39996337890625
186.67062377929688
179.24024963378906
172.6207275390625
166.52699279785156
160.95541381835938
155.90602111816406
151.3788299560547
147.3738250732422
143.89097595214844
140.9303436279297
138.49188232421875
136.57562255859375
135.18153381347656
134.3096466064453
133.95993041992188
134.1324005126953
134.82705688476562
136.0438995361328
137.78292846679688
140.04415893554688
142.8275604248047
146.13314819335938
149.96092224121094
154.3108673095703
159.18301391601562
164.5773468017578
170.49386596679688
176.9325714111328
183.89346313476562
191.37652587890625
199.3817901611328
207.90924072265625
216.9588623046875
226.5306854248047
236.62469482421875
247.24087524414062
258.3792724609375
270.039794921875
282.2225646972656
294.927490234375
308.15460205078125
321.9039001464844
336.1754150390625
350.9690856933594
366.284912109375
382.1229553222656
398.48321533203125
415.3656005859375
432.7702331542969
450.6969909667969
469.14599609375
