55027.81192779541
21905.210983276367
31260.136749267578
13676.961372375488
8846.977424621582
12303.095888137817
10340.996356964111
8717.421781539917
2010.1913948059082
5177.356391906738
1017.2764091491699
1327.7094826698303
2279.554548740387
1956.6432633399963
2272.5008640289307
2264.4790408611298
6418.3020849227905
979.7009267807007
979.1953909397125
1937.3835327625275
337.30003476142883
17.398147344589233
2248.1970047950745
12.235549688339233
13.50863265991211
973.2341463565826
967.452760219574
330.4084050655365
1924.9429724216461
1605.9329853057861
965.7429436445236
325.93853437900543
329.97093868255615
970.9433921575546
6.648836374282837
967.2218511104584
5.293601989746094
964.5254644751549
328.6475383043289
6.33650815486908
324.3531238436699
962.5336888730526
11.543556153774261
6.124083578586578
965.6556570529938
7.710226774215698
6.043396383523941
6.698421835899353
10.613170623779297
7.3978986740112305
4.638576537370682
5.64964884519577
963.5143922269344
5.50602662563324
4.407667621970177
6.742140382528305
5.618547320365906
324.17180049419403
4.557157039642334
3.8576806783676147
6.3491250872612
964.1509333252907
3.689707025885582
1.8792546838521957
5.811755478382111
322.2429601997137
10.169837415218353
2.7467047572135925
5.375021517276764
2.0102597773075104
4.882102340459824
3.102751523256302
322.94830387830734
5.9434928596019745
3.0028477162122726
4.264045625925064
5.3565371334552765
6.367609679698944
6.2869225442409515
2.6971191465854645
6.449029117822647
5.387638658285141
4.638576537370682
322.60487419366837
3.446181148290634
10.0388323366642
4.033136650919914
322.03053563833237
7.659908890724182
325.95115184783936
7.853848844766617
4.538672715425491
324.80907425284386
322.9172025322914
961.2102884352207
4.900586724281311
9.208350539207458
13.34139096736908
325.12066996097565
1330.4645521640778
