675.7512817382812
328.5105895996094
326.486328125
257.4154052734375
197.99256896972656
150.6730499267578
115.45683288574219
92.34394073486328
80.68099212646484
73.5697021484375
66.86967468261719
60.52457809448242
54.534420013427734
48.89918899536133
43.618896484375
38.693538665771484
34.12311553955078
29.90762710571289
26.04707145690918
22.541452407836914
19.39076805114746
16.59501838684082
14.154202461242676
12.068321228027344
10.337374687194824
8.961363792419434
7.940286636352539
7.274144649505615
6.962596416473389
6.9099016189575195
6.889483451843262
6.868569374084473
6.847159385681152
6.825253009796143
6.802850723266602
6.779952049255371
6.756558418273926
6.732667446136475
6.708281517028809
6.683398723602295
6.658020496368408
6.632145404815674
6.605775356292725
6.5789079666137695
6.5515456199646
6.52368688583374
6.49533224105835
6.4664812088012695
6.437134742736816
6.407291889190674
6.376952648162842
6.3461174964904785
6.314786434173584
6.282959461212158
6.250636100769043
6.2178168296813965
6.184501647949219
6.15069055557251
6.116382598876953
6.081579685211182
6.0462799072265625
6.01048469543457
5.974193096160889
5.937405586242676
5.900122165679932
5.862342357635498
5.824066638946533
5.785295009613037
5.746026992797852
5.706263542175293
5.666003704071045
5.625247478485107
5.583995819091797
5.542247772216797
5.500003337860107
5.457262992858887
5.414026737213135
5.370294570922852
5.326066493988037
5.281342029571533
5.236122131347656
5.190405368804932
5.144193172454834
5.097484588623047
5.0502800941467285
5.002579212188721
4.95438289642334
4.9056901931762695
4.856501579284668
4.806817054748535
4.756636142730713
4.705959320068359
4.654786109924316
4.6031174659729
4.550952434539795
4.498291492462158
4.44513463973999
4.391481399536133
4.337332248687744
4.282687187194824
