94.26913452148438
133.08404541015625
204.82681274414062
273.3057556152344
214.32846069335938
254.34823608398438
269.7826843261719
256.5596923828125
332.67962646484375
312.16644287109375
321.3172912597656
284.3630676269531
276.569580078125
326.04522705078125
312.66973876953125
269.4776611328125
328.10418701171875
300.30084228515625
309.802490234375
296.076171875
257.7645568847656
321.8205871582031
331.12396240234375
321.8205871582031
323.6812744140625
293.0106201171875
351.3321533203125
312.013916015625
348.815673828125
348.2665710449219
404.8799133300781
331.67303466796875
332.17633056640625
307.08770751953125
436.40460205078125
367.9256591796875
346.4516906738281
446.7603759765625
433.8881530761719
403.52252197265625
349.471435546875
428.412841796875
438.6160888671875
478.48333740234375
409.8519287109375
405.07818603515625
456.26202392578125
479.4899597167969
422.3733215332031
476.42437744140625
481.39642333984375
526.6016235351562
451.3357849121094
497.1358642578125
465.10784912109375
605.9395751953125
514.2327270507812
526.0983276367188
603.5756225585938
525.4425048828125
559.83447265625
638.7149658203125
659.8381958007812
742.0433959960938
620.367431640625
660.280517578125
658.724853515625
683.7677001953125
768.3826904296875
722.277587890625
785.3270263671875
719.9136352539062
783.618896484375
805.3826904296875
943.4996948242188
928.1109619140625
978.440673828125
1008.5013427734375
1044.8607177734375
1101.519775390625
1082.562255859375
1161.946044921875
1385.6845703125
1421.037353515625
1389.05517578125
1686.5496826171875
1594.6903076171875
1900.634033203125
2004.9996337890625
2269.215576171875
2611.259521484375
2697.1708984375
3106.0771484375
3607.49853515625
4234.515625
5291.60791015625
6568.3515625
9540.337890625
13883.3212890625
70227.75
