12216.0576171875
4410.28857421875
4206.73681640625
4773.14208984375
4307.03759765625
3846.833740234375
3180.1279296875
2775.974365234375
2324.620361328125
1923.4168701171875
1711.0150146484375
1477.9630126953125
1345.2117919921875
1165.26025390625
1085.6094970703125
858.45751953125
769.956787109375
731.6064453125
657.8557739257812
584.1051025390625
616.555419921875
595.9052124023438
542.8047485351562
442.5038757324219
463.154052734375
415.9536437988281
389.4034118652344
386.4533996582031
312.7027587890625
262.55230712890625
365.80322265625
324.5028381347656
241.90213012695312
289.1025390625
233.0520477294922
280.2524719238281
224.20196533203125
171.10150146484375
168.15147399902344
268.4523620605469
174.05152893066406
218.30191040039062
171.10150146484375
203.55178833007812
188.80165100097656
171.10150146484375
156.35137939453125
138.65121459960938
150.45132446289062
156.35137939453125
144.55126953125
135.70118713378906
112.10098266601562
156.35137939453125
103.25090789794922
147.5012969970703
118.00103759765625
138.65121459960938
118.00103759765625
82.60072326660156
112.10098266601562
129.80113220214844
135.70118713378906
115.05101013183594
100.3008804321289
138.65121459960938
85.55075073242188
126.85111236572266
123.90108489990234
115.05101013183594
118.00103759765625
82.60072326660156
120.95106506347656
97.3508529663086
103.25090789794922
79.65069580078125
73.75064849853516
88.50077819824219
112.10098266601562
135.70118713378906
109.15095520019531
120.95106506347656
100.3008804321289
129.80113220214844
79.65069580078125
73.75064849853516
88.50077819824219
94.40082550048828
118.00103759765625
103.25090789794922
91.4508056640625
82.60072326660156
106.20093536376953
120.95106506347656
156.35137939453125
112.10098266601562
179.9515838623047
197.6517333984375
191.75167846679688
710.9562377929688
