12410.7587890625
4321.7880859375
4130.0361328125
4705.29150390625
4324.73779296875
3781.93310546875
3262.728515625
2737.6240234375
2306.920166015625
1967.667236328125
1663.8145751953125
1516.3133544921875
1368.81201171875
1171.1602783203125
1103.3096923828125
820.107177734375
772.9067993164062
678.5059814453125
713.90625
634.2555541992188
590.0051879882812
533.9547119140625
581.1550903320312
451.3539733886719
469.0541076660156
415.9536437988281
365.80322265625
410.0535888671875
356.953125
292.05255126953125
321.5528259277344
309.7527160644531
303.8526611328125
233.0520477294922
233.0520477294922
265.5023193359375
209.45184326171875
209.45184326171875
203.55178833007812
209.45184326171875
177.00155639648438
203.55178833007812
203.55178833007812
221.25193786621094
215.3518829345703
153.40135192871094
120.95106506347656
197.6517333984375
120.95106506347656
120.95106506347656
144.55126953125
132.75115966796875
138.65121459960938
147.5012969970703
97.3508529663086
168.15147399902344
132.75115966796875
112.10098266601562
159.3013916015625
82.60072326660156
132.75115966796875
79.65069580078125
123.90108489990234
132.75115966796875
106.20093536376953
109.15095520019531
100.3008804321289
123.90108489990234
118.00103759765625
97.3508529663086
112.10098266601562
118.00103759765625
103.25090789794922
100.3008804321289
53.100467681884766
103.25090789794922
85.55075073242188
112.10098266601562
112.10098266601562
103.25090789794922
118.00103759765625
106.20093536376953
112.10098266601562
85.55075073242188
118.00103759765625
64.90056610107422
103.25090789794922
85.55075073242188
118.00103759765625
109.15095520019531
82.60072326660156
106.20093536376953
112.10098266601562
120.95106506347656
150.45132446289062
106.20093536376953
171.10150146484375
188.80165100097656
200.6017608642578
699.1561279296875
