55818.73828125
27870.966796875
23103.490234375
24855.736328125
24759.021484375
22551.646484375
20315.82421875
17559.44921875
15315.09375
13565.69140625
11898.78125
10883.2744140625
9267.5654296875
8436.955078125
7660.39111328125
6770.044921875
6081.662109375
5817.11865234375
5524.12939453125
4812.990234375
4352.171875
4099.00634765625
3604.053466796875
3550.0068359375
3160.302490234375
3074.9658203125
2750.686279296875
2756.37548828125
2497.520751953125
2397.96142578125
2324.0029296875
2187.464111328125
1920.0758056640625
1911.5421142578125
1769.3143310546875
1797.7598876953125
1649.8428955078125
1607.174560546875
1393.832763671875
1430.81201171875
1450.7239990234375
1376.7655029296875
1379.6099853515625
1206.092041015625
1254.4495849609375
1157.734619140625
1203.24755859375
1086.6207275390625
995.5948486328125
958.6156005859375
1004.1285400390625
1032.5740966796875
944.392822265625
910.2581787109375
913.1027221679688
810.6986694335938
802.1649780273438
770.8748779296875
802.1649780273438
762.3411865234375
713.9837646484375
699.760986328125
694.0718383789062
694.0718383789062
748.118408203125
622.9579467773438
702.6055297851562
620.1133422851562
637.1807250976562
631.4915771484375
620.1133422851562
571.7559204101562
617.268798828125
585.9786987304688
529.0875854492188
588.8232421875
563.2222290039062
548.9994506835938
494.952880859375
591.6677856445312
560.377685546875
480.7301025390625
509.1756591796875
489.2637634277344
557.5331420898438
463.6627502441406
537.6212158203125
483.57464599609375
469.35186767578125
517.7093505859375
517.7093505859375
480.7301025390625
548.9994506835938
574.6004638671875
537.6212158203125
617.268798828125
640.0252685546875
810.6986694335938
901.7244873046875
1991.189697265625
