50638.01953125
22631.521484375
24096.78125
17431.943359375
13277.5791015625
10400.484375
7985.384765625
4208.36328125
4211.47021484375
3825.429931640625
2673.693603515625
2233.294189453125
2713.287353515625
2774.21484375
2449.780029296875
2114.197021484375
1829.5675048828125
1595.8916015625
1413.1693115234375
1275.814208984375
1158.8162841796875
1055.1790771484375
964.9020385742188
887.9852905273438
824.428955078125
774.2327880859375
737.39697265625
713.9215087890625
703.8062133789062
707.0513305664062
723.65673828125
753.6223754882812
794.91796875
802.5227661132812
732.3291015625
582.4891357421875
356.29644775390625
200.14535522460938
314.89520263671875
580.0635375976562
697.7220458984375
666.660400390625
601.5242309570312
523.527099609375
432.6687927246094
330.1114501953125
237.8429718017578
175.5019073486328
143.77857971191406
142.6730194091797
170.0741424560547
204.46957397460938
233.29502868652344
256.3929748535156
273.763427734375
285.4063720703125
291.32177734375
291.5097351074219
285.97015380859375
274.70306396484375
257.7084655761719
236.3670654296875
216.6088409423828
200.02545166015625
186.61695861816406
176.38333129882812
169.3245849609375
165.4407196044922
164.73171997070312
167.19761657714844
172.83837890625
181.65403747558594
193.63482666015625
207.16806030273438
218.85446166992188
228.26336669921875
235.39480590820312
240.24874877929688
242.82522583007812
243.1242218017578
241.14573669433594
236.88973999023438
230.35629272460938
221.5453643798828
210.45693969726562
197.0899658203125
181.29916381835938
162.79415893554688
141.54049682617188
117.53811645507812
90.78704071044922
61.287261962890625
29.289447784423828
17.894092559814453
68.52388000488281
185.49041748046875
368.793701171875
618.4337158203125
934.4105224609375
1316.72412109375
