196600.8596496582
8114.887466430664
3572.90433883667
1312.4083001613617
21.164138317108154
13.316157341003418
17.685391664505005
327.53656220436096
8.671713292598724
6.105599492788315
5.013107448816299
326.04518818855286
321.0061138868332
7.279510483145714
6.255821079015732
0.13100509345531464
2.72822043299675
5.6999668180942535
320.33260414004326
4.276662528514862
1.5358250588178635
2.497311681509018
2.5972153395414352
0.7179606556892395
1.7793509662151337
3.446181148290634
0.7179606556892395
0.7179606556892395
0.4744347482919693
1.1109759509563446
1.7793509662151337
0.9799708425998688
1.3234004974365234
2.1227806210517883
0.9799708425998688
0.8489657491445541
1.7793509662151337
2.871842622756958
1.0613903105258942
2.1227806210517883
0.7179606556892395
1278.6525655984879
0.7179606556892395
0.2620101869106293
0.34342965483665466
1.1923954039812088
0.4744347482919693
0.4744347482919693
0.34342965483665466
0.34342965483665466
0.0
0.7179606556892395
959.5123568624258
0.34342965483665466
0.34342965483665466
0.6868593096733093
0.13100509345531464
0.13100509345531464
0.34342965483665466
0.7179606556892395
0.0
1.5669264048337936
1.1923954039812088
2.1538820266723633
0.7179606556892395
0.34342965483665466
1.4048199653625488
0.4744347482919693
0.7179606556892395
0.7179606556892395
1.0613903105258942
0.8489657491445541
0.13100509345531464
0.7179606556892395
0.0
0.7179606556892395
0.13100509345531464
1.0613903105258942
0.7179606556892395
0.7179606556892395
0.34342965483665466
320.4636092334986
0.7179606556892395
1.5669264048337936
0.4744347482919693
1.435921311378479
2.1538820266723633
1.3234004974365234
0.0
0.6868593096733093
1.0613903105258942
0.34342965483665466
1.7793509662151337
0.0
1.8792546838521957
1.1923954039812088
0.7179606556892395
2.497311681509018
3.527600646018982
14.222191244363785
