2733.2626953125
268.9619445800781
21.80808448791504
15.623867988586426
14.228841781616211
12.95694637298584
11.808181762695312
10.782547950744629
9.875499725341797
9.039057731628418
8.244421005249023
7.491200923919678
6.77939510345459
6.10900354385376
5.480027198791504
4.892466068267822
4.346319675445557
3.841588020324707
3.3782715797424316
2.956369638442993
2.57588267326355
2.2368106842041016
1.939153790473938
1.68291175365448
1.468084454536438
1.2946721315383911
1.1626747846603394
1.0720921754837036
1.0228853225708008
1.0040327310562134
0.9894508123397827
0.9753668904304504
0.9617810249328613
0.9486932158470154
0.9361034035682678
0.9240115880966187
0.9124178290367126
0.9013221263885498
0.8907244205474854
0.8806247711181641
0.8710231184959412
0.8619195222854614
0.8533139228820801
0.8452063202857971
0.8375968337059021
0.8304852843284607
0.8238717913627625
0.8177563548088074
0.8121389150619507
0.8070194721221924
0.8023980855941772
0.7982746958732605
0.7946494221687317
0.7915220856666565
0.7888928055763245
0.7867615818977356
0.7851283550262451
0.7839931845664978
0.7833559513092041
0.7832168340682983
0.783575713634491
0.7844326496124268
0.7857875227928162
0.7876405715942383
0.7899914979934692
0.7928404808044434
0.7961875796318054
0.8000326752662659
0.8043757081031799
0.8092168569564819
0.8145560026168823
0.8203932046890259
0.8267284035682678
0.8335615396499634
0.8408928513526917
0.8487221002578735
0.8570494055747986
0.8658747673034668
0.8751981258392334
0.8850194811820984
0.8953388929367065
0.9061563611030579
0.9174717664718628
0.9292852878570557
0.9415967464447021
0.9544063806533813
0.9677139520645142
0.9815195202827454
0.995823085308075
1.0106247663497925
1.0259244441986084
1.0417221784591675
1.0580178499221802
1.0748116970062256
1.092103362083435
1.1098932027816772
1.128180980682373
1.1469669342041016
1.1662507057189941
1.1860326528549194
