0.0057154261448886245
0.004746858117869124
0.00452871184097603
0.002511796119506471
0.0029268966027302667
0.0034803641465259716
0.002432016444799956
0.002985483755765017
0.002847116928023752
0.001325081473623868
0.0014634483013651334
0.0014634483013651334
0.0018199617479695007
0.0013462738716043532
0.003006676270160824
0.002213869709521532
0.0016604023985564709
0.0019371360540390015
0.0008302011992782354
0.0015432279760716483
0.0017987692262977362
0.002213869709521532
0.002293649384228047
0.0020169157287455164
0.0021552825564867817
0.0019371360540390015
0.0017987692262977362
0.0016604023985564709
0.0026289704255759716
0.002511796119506471
0.0012453017989173532
0.0017401820732629858
0.0018199617479695007
0.002352236770093441
0.0020169157287455164
0.0020169157287455164
0.0015220354543998837
0.0020169157287455164
0.0020755028817802668
0.002213869709521532
0.0021552825564867817
0.0017987692262977362
0.0020169157287455164
0.0013836686266586185
0.0016604023985564709
0.0020755028817802668
0.0025703832725412212
0.001878548901004251
0.0026289704255759716
0.0024906035978347063
0.0020966954034520313
0.002432016444799956
0.0026713554689195007
0.0014634483013651334
0.0021764750708825886
0.001958328575710766
0.0027885297749890015
0.002985483755765017
0.002432016444799956
0.0024532087263651192
0.002511796119506471
0.002352236770093441
0.0015220354543998837
0.0031238505835062824
0.0029268966027302667
0.002432016444799956
0.0032834099256433547
0.002213869709521532
0.0032036302582127973
0.002591575786937028
0.002432016444799956
0.0038368774694390595
0.0029480891244020313
0.002650162947247736
0.003602528595365584
0.003757097802008502
0.004784253214893397
0.004033831457491033
0.004470124462386593
0.003363189607625827
0.005380105547374114
0.004390344780404121
0.005358912807423621
0.006801168943638913
0.0074556081963237375
0.00867971807019785
0.007652562664588913
0.010084578621899709
0.008722102618776262
0.010680431441869587
0.012654961668886244
0.011191513243829831
0.015384904982056469
0.017641158774495125
0.025112969800829887
0.02835399587638676
0.044839611975476146
0.06097493786364794
0.11965123936533928
7.383791089057922
