60574.2109375
2897.975830078125
1265.9842529296875
734.5215454101562
426.17291259765625
315.86932373046875
290.8003234863281
180.49676513671875
183.003662109375
142.8932647705078
80.22077941894531
120.3311767578125
117.82427215576172
85.23458099365234
65.17938232421875
82.7276840209961
82.7276840209961
60.16558837890625
70.19318389892578
65.17938232421875
45.12419128417969
40.110389709472656
30.082794189453125
35.09659194946289
40.110389709472656
37.603492736816406
45.12419128417969
32.589691162109375
37.603492736816406
40.110389709472656
22.562095642089844
27.57589340209961
22.562095642089844
22.562095642089844
27.57589340209961
15.041397094726562
22.562095642089844
12.534497261047363
20.055194854736328
17.548295974731445
10.027597427368164
10.027597427368164
25.068994522094727
5.013798713684082
22.562095642089844
12.534497261047363
20.055194854736328
10.027597427368164
17.548295974731445
20.055194854736328
7.520698547363281
10.027597427368164
12.534497261047363
5.013798713684082
10.027597427368164
17.548295974731445
15.041397094726562
17.548295974731445
22.562095642089844
22.562095642089844
22.562095642089844
20.055194854736328
22.562095642089844
12.534497261047363
10.027597427368164
7.520698547363281
17.548295974731445
12.534497261047363
12.534497261047363
5.013798713684082
7.520698547363281
12.534497261047363
12.534497261047363
10.027597427368164
12.534497261047363
22.562095642089844
25.068994522094727
10.027597427368164
12.534497261047363
5.013798713684082
2.506899356842041
12.534497261047363
10.027597427368164
5.013798713684082
7.520698547363281
7.520698547363281
10.027597427368164
20.055194854736328
10.027597427368164
22.562095642089844
15.041397094726562
20.055194854736328
22.562095642089844
15.041397094726562
12.534497261047363
27.57589340209961
22.562095642089844
35.09659194946289
60.16558837890625
152.92086791992188
