59717.375
3424.97998046875
1365.8619384765625
855.5075073242188
492.6543273925781
327.452880859375
236.0020751953125
230.10202026367188
197.6517333984375
153.40135192871094
135.70118713378906
144.55126953125
88.50077819824219
91.4508056640625
70.80062103271484
41.30036163330078
112.10098266601562
67.85059356689453
76.70067596435547
41.30036163330078
61.95054244995117
38.350337982177734
35.40031051635742
35.40031051635742
44.250389099121094
35.40031051635742
20.65018081665039
29.500259399414062
50.15044021606445
23.60020637512207
32.45028305053711
29.500259399414062
8.850077629089355
23.60020637512207
32.45028305053711
8.850077629089355
14.750129699707031
32.45028305053711
11.800103187561035
5.900051593780518
26.550233840942383
14.750129699707031
14.750129699707031
20.65018081665039
17.70015525817871
20.65018081665039
11.800103187561035
20.65018081665039
23.60020637512207
11.800103187561035
14.750129699707031
5.900051593780518
2.950025796890259
20.65018081665039
11.800103187561035
2.950025796890259
20.65018081665039
23.60020637512207
14.750129699707031
17.70015525817871
17.70015525817871
20.65018081665039
29.500259399414062
14.750129699707031
8.850077629089355
5.900051593780518
8.850077629089355
2.950025796890259
11.800103187561035
14.750129699707031
17.70015525817871
17.70015525817871
11.800103187561035
20.65018081665039
5.900051593780518
17.70015525817871
8.850077629089355
11.800103187561035
8.850077629089355
8.850077629089355
5.900051593780518
2.950025796890259
11.800103187561035
5.900051593780518
8.850077629089355
11.800103187561035
8.850077629089355
8.850077629089355
20.65018081665039
11.800103187561035
20.65018081665039
8.850077629089355
17.70015525817871
17.70015525817871
23.60020637512207
20.65018081665039
29.500259399414062
41.30036163330078
41.30036163330078
144.55126953125
