354647.96875
26949.330078125
10342.80859375
5430.2587890625
3322.4423828125
2372.3603515625
1695.3558349609375
1356.853515625
1137.82275390625
935.8591918945312
776.56396484375
640.0252685546875
571.7559204101562
492.1083068847656
449.4399719238281
438.0617370605469
349.8804931640625
364.103271484375
287.30023193359375
310.0566711425781
301.52301025390625
230.4091033935547
227.56454467773438
147.9169464111328
139.38328552246094
176.36251831054688
147.9169464111328
128.0050506591797
147.9169464111328
133.6941680908203
142.22784423828125
125.1604995727539
122.3159408569336
99.55948638916016
142.22784423828125
130.849609375
79.64759063720703
113.78227233886719
59.73569107055664
85.33670043945312
59.73569107055664
93.87036895751953
105.24859619140625
79.64759063720703
79.64759063720703
62.58024978637695
48.35746383666992
73.9584732055664
62.58024978637695
45.512908935546875
48.35746383666992
96.71492767333984
65.4248046875
73.9584732055664
71.11392211914062
76.80303192138672
54.04657745361328
62.58024978637695
42.66835021972656
59.73569107055664
59.73569107055664
31.290124893188477
48.35746383666992
39.823795318603516
54.04657745361328
39.823795318603516
68.26936340332031
39.823795318603516
31.290124893188477
45.512908935546875
31.290124893188477
51.202022552490234
42.66835021972656
34.134681701660156
54.04657745361328
31.290124893188477
56.891136169433594
25.601011276245117
39.823795318603516
48.35746383666992
36.9792366027832
28.445568084716797
36.9792366027832
34.134681701660156
39.823795318603516
25.601011276245117
36.9792366027832
48.35746383666992
34.134681701660156
42.66835021972656
45.512908935546875
42.66835021972656
56.891136169433594
48.35746383666992
48.35746383666992
76.80303192138672
45.512908935546875
102.40404510498047
68.26936340332031
204.80809020996094
