182962.703125
18421.509765625
548.5238647460938
280.4949951171875
344.65655517578125
385.89935302734375
404.223388671875
399.62860107421875
373.4869689941406
340.28338623046875
308.71173095703125
278.89031982421875
250.81912231445312
224.49813842773438
199.92738342285156
177.10682678222656
156.0364990234375
136.71640014648438
119.14649963378906
103.32682800292969
89.25736999511719
76.9381332397461
66.3691177368164
57.550315856933594
50.48173522949219
45.16337203979492
41.5952262878418
39.77730178833008
39.7078742980957
40.90282440185547
42.216468811035156
43.48308563232422
44.702674865722656
45.875240325927734
47.00077819824219
48.079288482666016
49.110774993896484
50.09523391723633
51.03266906738281
51.92307662963867
52.766456604003906
53.56281280517578
54.31214141845703
55.01444625854492
55.66972732543945
56.27797317504883
56.83919906616211
57.35340118408203
57.82057189941406
58.240718841552734
58.61384201049805
58.939937591552734
59.2190055847168
59.4510498046875
59.63606643676758
59.7740592956543
59.865020751953125
59.90896224975586
59.9058723449707
59.85576248168945
59.75861740112305
59.61445617675781
59.42326354980469
59.1850471496582
58.899803161621094
58.56753158569336
58.188236236572266
57.76191711425781
57.288570404052734
56.768192291259766
56.2007942199707
55.586368560791016
54.92491912841797
54.21643829345703
53.4609375
52.65840530395508
51.80884552001953
50.91226577758789
49.968658447265625
48.978023529052734
47.94036102294922
46.85567855834961
45.72396469116211
44.54522705078125
43.319461822509766
42.046669006347656
40.72685623168945
39.36001205444336
37.946144104003906
36.48524856567383
34.97732925415039
33.42238235473633
31.82040786743164
30.17140769958496
28.475383758544922
26.732332229614258
24.9422550201416
23.105152130126953
21.221023559570312
19.289867401123047
