1421.691650390625
35.36953353881836
11.503934860229492
5.860762596130371
7.136868476867676
3.6298327445983887
2.9536678791046143
2.1331753730773926
3.2667086124420166
2.2157764434814453
0.9286844730377197
0.5667665600776672
2.7098302841186523
0.36312398314476013
0.3986029326915741
0.8326847553253174
1.7462158203125
0.4457252025604248
0.5667665600776672
0.6156438589096069
1.3976962566375732
0.698245108127594
0.06052066385746002
0.5667665600776672
0.0
0.18156199157238007
0.385204553604126
0.6627660989761353
1.155613660812378
0.5062458515167236
0.7587657570838928
0.156520277261734
0.0
0.313040554523468
0.0
0.06052066385746002
0.3380822539329529
0.385204553604126
0.5667665600776672
0.06052066385746002
0.8192864656448364
0.06052066385746002
0.06052066385746002
0.0
0.18156199157238007
0.0
0.0
0.385204553604126
0.156520277261734
0.43408188223838806
0.12104132771492004
0.06052066385746002
0.12104132771492004
0.06052066385746002
0.0
0.0
0.5417248010635376
0.06052066385746002
0.0
0.0
0.0
0.4457252025604248
0.12104132771492004
0.0
0.698245108127594
0.06052066385746002
0.0
0.0
0.06052066385746002
1.155613660812378
0.0
0.0
0.06052066385746002
0.0
0.06052066385746002
0.21704094111919403
0.06052066385746002
0.0
0.06052066385746002
0.385204553604126
0.06052066385746002
0.0
0.06052066385746002
0.6022454500198364
0.5417248010635376
0.06052066385746002
0.06052066385746002
0.21704094111919403
0.0
0.06052066385746002
0.0
0.0
0.0
0.21704094111919403
0.770409107208252
0.156520277261734
0.43408188223838806
0.9269293546676636
0.5300814509391785
2.348461151123047
