0.0014465104322880507
0.0008735558367334306
0.00053383968770504
0.0008641397580504417
0.0007866354426369071
0.000961201498284936
0.00035927354474551976
0.0005823705578222871
0.00035927354474551976
0.0007279632263816893
0.0002426543942419812
0.0003882470482494682
0.00033971614902839065
0.0004367779183667153
0.0002426543942419812
0.00033971614902839065
0.00035927354474551976
0.00029118527891114354
0.0002426543942419812
0.00047589270980097353
0.00053383968770504
0.00033030007034540176
0.0004367779183667153
0.0004367779183667153
0.0003882470482494682
0.00047589270980097353
0.00035927354474551976
0.00016515003517270088
0.00053383968770504
0.00029118527891114354
0.0005823705578222871
0.0005244236090220511
0.00031074267462827265
0.0004563353140838444
0.0004563353140838444
0.0006700162193737924
0.0004563353140838444
0.0004563353140838444
0.0006794322980567813
0.00035927354474551976
0.00031074267462827265
0.00029118527891114354
0.00014559263945557177
0.0004367779183667153
0.00035927354474551976
0.0004853087884839624
0.0004367779183667153
0.0008250249666161835
0.0006700162193737924
0.00033030007034540176
0.0003882470482494682
0.0004853087884839624
0.0003882470482494682
0.00016515003517270088
0.0008931132615543902
0.00035927354474551976
0.0003882470482494682
0.0002426543942419812
0.0006989897228777409
0.0005439809756353498
0.0006214853492565453
0.0006794322980567813
0.0006019279826432467
0.0006794322980567813
0.0006504588527604938
0.0005048661842010915
0.0005533971125259995
0.0004853087884839624
0.0005533971125259995
0.0006700162193737924
0.0005729544791392982
0.0006410427740775049
0.0008735558367334306
0.0010872368002310395
0.0007185470894910395
0.0008641397580504417
0.0011357676703482866
0.0007475206512026489
0.0009901749435812235
0.0009322280529886484
0.0015725456178188324
0.0014175367541611195
0.0011553250951692462
0.0011263515334576368
0.0014465104322880507
0.0016601912211626768
0.0017471116734668612
0.002233145758509636
0.002446826547384262
0.00287346332333982
0.002388154389336705
0.003310241037979722
0.0037383283488452435
0.005077635403722525
0.004989989567548037
0.006562535651028156
0.009359944611787796
0.014068164862692356
0.030176803469657898
1.9748046398162842
