18008.322265625
702.5936889648438
229.2149658203125
189.3514862060547
119.59041595458984
67.26960754394531
72.2525405883789
49.82933807373047
44.846405029296875
32.389068603515625
34.88053894042969
29.89760398864746
14.94880199432373
22.423202514648438
14.94880199432373
17.440269470214844
7.474400997161865
14.94880199432373
12.457334518432617
32.389068603515625
7.474400997161865
4.98293399810791
2.491466999053955
22.423202514648438
19.93173599243164
9.96586799621582
4.98293399810791
7.474400997161865
4.98293399810791
2.491466999053955
0.0
2.491466999053955
4.98293399810791
4.98293399810791
0.0
14.94880199432373
7.474400997161865
12.457334518432617
7.474400997161865
0.0
4.98293399810791
2.491466999053955
9.96586799621582
0.0
4.98293399810791
9.96586799621582
7.474400997161865
2.491466999053955
0.0
14.94880199432373
7.474400997161865
2.491466999053955
2.491466999053955
0.0
2.491466999053955
0.0
2.491466999053955
2.491466999053955
2.491466999053955
0.0
0.0
0.0
0.0
0.0
2.491466999053955
2.491466999053955
0.0
4.98293399810791
2.491466999053955
2.491466999053955
2.491466999053955
0.0
2.491466999053955
0.0
0.0
0.0
2.491466999053955
0.0
2.491466999053955
7.474400997161865
0.0
4.98293399810791
2.491466999053955
4.98293399810791
0.0
0.0
0.0
0.0
2.491466999053955
0.0
2.491466999053955
0.0
7.474400997161865
7.474400997161865
7.474400997161865
2.491466999053955
2.491466999053955
4.98293399810791
14.94880199432373
14.94880199432373
