93297.6171875
4713.0654296875
1830.4981689453125
973.88623046875
547.2798461914062
421.5074768066406
326.328369140625
256.6436767578125
173.3619384765625
141.06903076171875
120.67350769042969
132.57089233398438
118.97388458251953
90.0802230834961
79.88246154785156
90.0802230834961
62.88619613647461
35.69216537475586
40.791046142578125
71.38433074951172
40.791046142578125
35.69216537475586
33.99253845214844
47.58955383300781
30.593284606933594
28.893657684326172
47.58955383300781
30.593284606933594
22.095149993896484
28.893657684326172
30.593284606933594
22.095149993896484
28.893657684326172
15.296642303466797
20.395523071289062
23.794776916503906
18.69589614868164
16.99626922607422
13.597015380859375
16.99626922607422
16.99626922607422
13.597015380859375
6.7985076904296875
18.69589614868164
20.395523071289062
22.095149993896484
15.296642303466797
20.395523071289062
11.897388458251953
16.99626922607422
15.296642303466797
13.597015380859375
3.3992538452148438
13.597015380859375
13.597015380859375
18.69589614868164
6.7985076904296875
8.49813461303711
11.897388458251953
10.197761535644531
11.897388458251953
5.098880767822266
13.597015380859375
13.597015380859375
16.99626922607422
10.197761535644531
8.49813461303711
15.296642303466797
16.99626922607422
10.197761535644531
6.7985076904296875
5.098880767822266
6.7985076904296875
6.7985076904296875
3.3992538452148438
10.197761535644531
8.49813461303711
13.597015380859375
11.897388458251953
5.098880767822266
11.897388458251953
8.49813461303711
6.7985076904296875
10.197761535644531
15.296642303466797
20.395523071289062
13.597015380859375
6.7985076904296875
11.897388458251953
11.897388458251953
16.99626922607422
6.7985076904296875
13.597015380859375
8.49813461303711
18.69589614868164
11.897388458251953
11.897388458251953
10.197761535644531
33.99253845214844
88.38059997558594
