180101.03125
5058.7138671875
1750.187744140625
728.2185668945312
610.8651123046875
558.6754760742188
509.99554443359375
464.8254089355469
423.1650390625
385.01446533203125
350.3736877441406
319.2426452636719
291.6214294433594
267.50994873046875
246.90826416015625
229.8163604736328
216.23422241210938
206.16188049316406
199.5993194580078
196.03097534179688
193.148681640625
190.30677795410156
187.50521850585938
184.74398803710938
182.0231170654297
179.3425750732422
176.702392578125
174.10252380371094
171.5430145263672
169.02386474609375
166.5450439453125
164.10655212402344
161.7084197998047
159.3506317138672
157.03317260742188
154.75607299804688
152.51930236816406
150.3228759765625
148.16680908203125
146.05105590820312
143.9756622314453
141.94061279296875
139.9459228515625
137.99154663085938
136.0775146484375
134.20384216308594
132.37051391601562
130.5775146484375
128.82485961914062
127.11255645751953
125.44058990478516
123.8089599609375
122.21768188476562
120.66674041748047
119.1561508178711
117.68589782714844
116.25598907470703
114.86642456054688
113.51720428466797
112.20832061767578
110.93978118896484
109.71158599853516
108.52373504638672
107.376220703125
106.2690658569336
105.20223236083984
104.17575073242188
103.18962097167969
102.24382019042969
101.33837127685547
100.47325897216797
99.64849853515625
98.86407470703125
98.11998748779297
97.41624450683594
96.75285339355469
96.12980651855469
95.54708862304688
95.00472259521484
94.50269317626953
94.041015625
93.61968231201172
93.23868560791016
92.89803314208984
92.59771728515625
92.33775329589844
92.11812591552734
91.93885040283203
91.79991149902344
91.70130920410156
91.64305877685547
91.6251449584961
91.6475830078125
91.7103500366211
91.81346893310547
91.95693969726562
92.1407470703125
92.3648910522461
92.62937927246094
92.9342041015625
