174195.99795532227
15247.77547454834
8403.726510047913
3249.085638523102
1000.4268665313721
3863.8830935955048
342.33235907554626
25.57767367362976
1296.5637311935425
12.754435658454895
331.48827970027924
969.651093006134
330.4402388930321
4.607475191354752
4.950172305107117
6.842044413089752
326.71943059563637
8.490390181541443
6.1744014620780945
6.5800341963768005
3.0213320553302765
5.53712785243988
4.182626128196716
321.99943432211876
4.164141744375229
2.2722699642181396
3.3151760548353195
1.5358250588178635
2.890326976776123
2.8407413363456726
5.974594384431839
1.1109759509563446
2.4158922135829926
1.9103560596704483
1.828936606645584
3.3462773710489273
1.4544056057929993
1.4048199653625488
1.0613903105258942
2.871842622756958
323.8913061618805
2.9406450241804123
2.4662102460861206
3.689707025885582
320.301502764225
1.435921311378479
321.3125750422478
0.7179606556892395
1.748249590396881
2.091679275035858
1.0613903105258942
1.7793509662151337
1.0613903105258942
2.1538820266723633
1.0613903105258942
1.0613903105258942
1.828936606645584
1.9103560596704483
0.7179606556892395
0.7179606556892395
0.9799708425998688
1.9103560596704483
0.8674500286579132
0.6868593096733093
0.34342965483665466
1.3234004974365234
0.7179606556892395
0.7179606556892395
1.435921311378479
2.284887120127678
1.0613903105258942
0.6868593096733093
1.748249590396881
0.7179606556892395
1278.6710498929024
1.1923954039812088
1.5669264048337936
1.3234004974365234
0.7179606556892395
0.0
0.9488694965839386
1.435921311378479
3.3462773710489273
0.8489657491445541
1.435921311378479
0.9488694965839386
0.13100509345531464
1.5358250588178635
1.0613903105258942
961.8786633908749
1.1923954039812088
1.1923954039812088
1.797835260629654
0.13100509345531464
321.05056485533714
5.76216983795166
3.689707025885582
5.094526931643486
5.4068553894758224
23.006425380706787
