2380.790283203125
388.2048034667969
50.29413986206055
36.64216232299805
31.292905807495117
26.81513214111328
23.208850860595703
20.474056243896484
18.566530227661133
17.01940155029297
15.552452087402344
14.16186809539795
12.847649574279785
11.609798431396484
10.448312759399414
9.36319351196289
8.354440689086914
7.422053813934326
6.566033363342285
5.786378860473633
5.083090782165527
4.4561686515808105
3.9056129455566406
3.4314234256744385
3.033600091934204
2.7121429443359375
2.4670517444610596
2.2983269691467285
2.2058959007263184
2.169342517852783
2.140352487564087
2.1119368076324463
2.0840957164764404
2.0568292140960693
2.030137300491333
2.0040199756622314
1.9784773588180542
1.9535092115402222
1.929115653038025
1.9052965641021729
1.8820523023605347
1.8593825101852417
1.8372873067855835
1.81576669216156
1.7948206663131714
1.774449110031128
1.7546523809432983
1.735430121421814
1.7167824506759644
1.69870924949646
1.6812108755111694
1.6642868518829346
1.647937536239624
1.6321628093719482
1.6169625520706177
1.602337121963501
1.58828604221344
1.5748096704483032
1.5619077682495117
1.5495805740356445
1.537827968597412
1.526649832725525
1.516046404838562
1.5060175657272339
1.4965633153915405
1.4876835346221924
1.479378342628479
1.47164785861969
1.464491844177246
1.4579105377197266
1.4519037008285522
1.4464715719223022
1.4416139125823975
1.437330961227417
1.4336224794387817
1.4304885864257812
1.427929401397705
1.4259446859359741
1.424534559249878
1.423699140548706
1.4234381914138794
1.4237518310546875
1.42464017868042
1.426102876663208
1.4281402826309204
1.4307523965835571
1.433938980102539
1.4377001523971558
1.4420360326766968
1.4469462633132935
1.4524312019348145
1.4584908485412598
1.4651248455047607
1.4723336696624756
1.480116844177246
1.488474726676941
1.49740731716156
1.5069142580032349
1.516995906829834
1.5276521444320679
