0.33082646131515503
0.4388764798641205
0.31878340244293213
0.31071236729621887
0.18778806924819946
0.3236006200313568
0.21922695636749268
0.22446677088737488
0.29499292373657227
0.19585908949375153
0.23211519420146942
0.219649538397789
0.219649538397789
0.16158902645111084
0.20350751280784607
0.19302788376808167
0.17489983141422272
0.16201160848140717
0.18537946045398712
0.1539405882358551
0.16682884097099304
0.16923744976520538
0.16158902645111084
0.16158902645111084
0.18212568759918213
0.12292429804801941
0.23410123586654663
0.184956893324852
0.22928400337696075
0.13864372670650482
0.16158902645111084
0.17773103713989258
0.19826769828796387
0.15875782072544098
0.17489983141422272
0.17929449677467346
0.184956893324852
0.20790217816829681
0.15351800620555878
0.19826769828796387
0.20350751280784607
0.18736550211906433
0.1591804027557373
0.24825720489025116
0.25548306107521057
0.15634921193122864
0.19826769828796387
0.1696600317955017
0.345700740814209
0.16682884097099304
0.25873684883117676
0.14105235040187836
0.2316926121711731
0.24301739037036896
0.265962690114975
0.2526518702507019
0.2869219481945038
0.25831425189971924
0.23608726263046265
0.265962690114975
0.3066134452819824
0.29499292373657227
0.20874732732772827
0.26879388093948364
0.3264318108558655
0.31878340244293213
0.31751564145088196
0.30703601241111755
0.3670825958251953
0.28933054208755493
0.30179619789123535
0.3356437087059021
0.42429792881011963
0.4214667081832886
0.3255866467952728
0.4718788266181946
0.40418383479118347
0.4308054745197296
0.4570045471191406
0.5839009284973145
0.5221640467643738
0.5009090900421143
0.622988224029541
0.6624981164932251
0.6273828744888306
0.6858659386634827
0.7164596319198608
0.6991767883300781
0.9219532608985901
1.0536668300628662
1.1863524913787842
1.518615484237671
1.4833314418792725
1.8226513862609863
2.4453859329223633
2.7912135124206543
4.245514869689941
5.9787092208862305
11.75902271270752
367.2463684082031
