47884.28515625
7500.64306640625
3141.14501953125
1794.9400634765625
1173.22900390625
777.1388549804688
629.2317504882812
458.7626037597656
416.14532470703125
368.51422119140625
293.3072509765625
265.7313537597656
235.64854431152344
180.49676513671875
165.4553680419922
190.52435302734375
130.3587646484375
110.30357360839844
122.83807373046875
112.81047821044922
100.2759780883789
110.30357360839844
100.2759780883789
87.7414779663086
90.24838256835938
107.79667663574219
70.19318389892578
70.19318389892578
47.63108825683594
55.15178680419922
55.15178680419922
35.09659194946289
55.15178680419922
40.110389709472656
32.589691162109375
62.6724853515625
55.15178680419922
35.09659194946289
55.15178680419922
37.603492736816406
40.110389709472656
20.055194854736328
42.61729049682617
50.13798904418945
40.110389709472656
47.63108825683594
42.61729049682617
37.603492736816406
30.082794189453125
62.6724853515625
37.603492736816406
20.055194854736328
25.068994522094727
17.548295974731445
40.110389709472656
52.64488983154297
27.57589340209961
35.09659194946289
25.068994522094727
40.110389709472656
32.589691162109375
30.082794189453125
22.562095642089844
17.548295974731445
27.57589340209961
25.068994522094727
22.562095642089844
35.09659194946289
30.082794189453125
17.548295974731445
22.562095642089844
37.603492736816406
27.57589340209961
22.562095642089844
37.603492736816406
12.534497261047363
22.562095642089844
17.548295974731445
32.589691162109375
20.055194854736328
17.548295974731445
25.068994522094727
5.013798713684082
20.055194854736328
37.603492736816406
30.082794189453125
10.027597427368164
47.63108825683594
47.63108825683594
37.603492736816406
55.15178680419922
20.055194854736328
40.110389709472656
17.548295974731445
30.082794189453125
37.603492736816406
42.61729049682617
50.13798904418945
107.79667663574219
310.85552978515625
