47967.421875
7575.66650390625
3171.27783203125
1716.9150390625
1171.1602783203125
734.5564575195312
616.555419921875
495.6043395996094
386.4533996582031
365.80322265625
321.5528259277344
283.2024841308594
236.0020751953125
191.75167846679688
144.55126953125
153.40135192871094
138.65121459960938
123.90108489990234
129.80113220214844
129.80113220214844
94.40082550048828
120.95106506347656
94.40082550048828
112.10098266601562
67.85059356689453
79.65069580078125
79.65069580078125
64.90056610107422
76.70067596435547
67.85059356689453
50.15044021606445
38.350337982177734
47.20041275024414
47.20041275024414
50.15044021606445
35.40031051635742
29.500259399414062
47.20041275024414
41.30036163330078
38.350337982177734
38.350337982177734
47.20041275024414
38.350337982177734
35.40031051635742
59.000518798828125
32.45028305053711
41.30036163330078
44.250389099121094
26.550233840942383
32.45028305053711
29.500259399414062
20.65018081665039
41.30036163330078
26.550233840942383
32.45028305053711
41.30036163330078
32.45028305053711
29.500259399414062
26.550233840942383
29.500259399414062
17.70015525817871
17.70015525817871
20.65018081665039
23.60020637512207
44.250389099121094
32.45028305053711
32.45028305053711
23.60020637512207
32.45028305053711
32.45028305053711
23.60020637512207
26.550233840942383
14.750129699707031
14.750129699707031
26.550233840942383
14.750129699707031
17.70015525817871
20.65018081665039
20.65018081665039
35.40031051635742
17.70015525817871
20.65018081665039
11.800103187561035
29.500259399414062
26.550233840942383
23.60020637512207
41.30036163330078
47.20041275024414
26.550233840942383
38.350337982177734
35.40031051635742
26.550233840942383
35.40031051635742
11.800103187561035
32.45028305053711
47.20041275024414
32.45028305053711
44.250389099121094
97.3508529663086
312.7027587890625
