266291.09375
59087.81640625
24097.697265625
13474.0
8371.759765625
6204.02392578125
4749.31201171875
3627.822265625
2941.671142578125
2296.724853515625
2022.622802734375
1687.609130859375
1481.5845947265625
1252.2705078125
1073.1187744140625
1021.1647338867188
824.097900390625
824.097900390625
757.811767578125
668.2359008789062
698.691650390625
618.0734252929688
549.9957275390625
510.5823669433594
465.7944641113281
464.0029296875
417.4234924316406
365.469482421875
376.2185974121094
342.1797790527344
340.38824462890625
369.0525207519531
299.183349609375
286.6427307128906
250.81239318847656
265.14453125
277.6851501464844
249.0208740234375
240.06329345703125
252.60391235351562
220.35659790039062
218.56509399414062
191.6923370361328
254.3954315185547
189.90081787109375
179.15171813964844
207.81597900390625
154.07046508789062
184.52626037597656
170.19412231445312
123.61467742919922
130.78074645996094
155.8619842529297
175.5686798095703
139.73834228515625
111.07405853271484
148.6959228515625
132.572265625
139.73834228515625
120.03164672851562
139.73834228515625
137.9468231201172
116.44861602783203
125.40619659423828
109.28254699707031
103.90798950195312
120.03164672851562
111.07405853271484
109.28254699707031
91.36737060546875
87.78433990478516
120.03164672851562
116.44861602783203
102.1164779663086
102.1164779663086
100.32495880126953
116.44861602783203
127.19771575927734
112.8655776977539
125.40619659423828
80.61827087402344
121.82316589355469
120.03164672851562
103.90798950195312
123.61467742919922
112.8655776977539
127.19771575927734
109.28254699707031
118.24012756347656
116.44861602783203
116.44861602783203
102.1164779663086
125.40619659423828
134.36378479003906
111.07405853271484
148.6959228515625
154.07046508789062
161.23654174804688
263.35302734375
623.4479370117188
