162489.40625
24134.431640625
3694.608154296875
2555.776611328125
1961.9595947265625
1489.6026611328125
1138.7052001953125
909.2676391601562
794.7227783203125
725.7356567382812
660.6910400390625
599.0230102539062
540.7313842773438
485.816162109375
434.2774353027344
386.1152038574219
341.32940673828125
299.92010498046875
261.8872375488281
227.23081970214844
195.9508819580078
168.04739379882812
143.52037048339844
122.36981201171875
104.59571838378906
90.19808197021484
79.17691040039062
71.53219604492188
67.26078033447266
65.47244262695312
64.06039428710938
62.71992492675781
61.451026916503906
60.25369644165039
59.12793731689453
58.073753356933594
57.09113693237305
56.180091857910156
55.34061813354492
54.572715759277344
53.87638854980469
53.25162887573242
52.69844055175781
52.21682357788086
51.80677795410156
51.46830368041992
51.20140075683594
51.00606918334961
50.88230895996094
50.83012008666992
50.8494987487793
50.940452575683594
51.10297775268555
51.33707046508789
51.642738342285156
52.01997375488281
52.46878433227539
52.98916244506836
53.58111572265625
54.24463653564453
54.979732513427734
55.78639602661133
56.66463088989258
57.614437103271484
58.63581466674805
59.728763580322266
60.89328384399414
62.12937545776367
63.43703842163086
64.81627655029297
66.26708221435547
67.78945922851562
69.3833999633789
71.04891967773438
72.7860107421875
74.59467315673828
76.47490692138672
78.42670440673828
80.45008850097656
82.54502868652344
84.7115478515625
86.94963836669922
89.25929260253906
91.6405258178711
94.09332275390625
96.6176986694336
99.2136459350586
101.88116455078125
104.62025451660156
107.430908203125
110.31314086914062
113.26693725585938
116.29230499267578
119.38925170898438
122.5577621459961
125.7978515625
129.1094970703125
132.49273681640625
135.94754028320312
139.47390747070312
