149195.94946289062
23723.007118225098
8785.949197769165
9340.282212257385
4528.532500743866
3559.106266975403
1947.759859085083
979.2811307907104
21.900583267211914
2895.086801290512
977.8416216373444
334.3852059841156
9.70126986503601
977.979376077652
9.00179374217987
10.987701892852783
647.2452422976494
9.339355647563934
8.753132671117783
963.8075036406517
7.741328239440918
6.417927652597427
325.6077221632004
7.722843736410141
4.869485378265381
2.6156996488571167
8.25948104262352
3.071650117635727
4.507571429014206
2.759321868419647
2.5342801809310913
3.982818514108658
5.862073361873627
321.91801488399506
2.222684368491173
3.364761710166931
2.646800994873047
322.292545825243
2.871842622756958
2.8281242549419403
2.284887120127678
4.669677823781967
3.415079802274704
2.497311681509018
2.72822043299675
4.782198801636696
1.828936606645584
2.4158922135829926
0.4744347482919693
2.1227806210517883
2.4158922135829926
0.8489657491445541
1.8792546838521957
0.6054398417472839
1.7793509662151337
3.102751523256302
3.3462773710489273
4.033136650919914
1.5669264048337936
324.57816553115845
321.3939945101738
1.748249590396881
0.8489657491445541
1.0613903105258942
1.435921311378479
318.68425826728344
3.3151760548353195
2.497311681509018
1.7793509662151337
1.7793509662151337
1.0613903105258942
0.13100509345531464
1.1612940281629562
2.9406450241804123
0.8489657491445541
1.5669264048337936
2.3847908079624176
2.6283167749643326
1.9103560596704483
0.6054398417472839
0.9799708425998688
960.8172731399536
0.2620101869106293
1.3737186193466187
2.253785714507103
2.3847908079624176
1.0613903105258942
321.4250957965851
0.6054398417472839
2.284887120127678
3.9517172276973724
3.3462773710489273
0.7364449501037598
1.5358250588178635
1.7793509662151337
3.415079802274704
962.1902592182159
321.5249996036291
13.566433101892471
27.351889431476593
