2103.7431640625
374.6388854980469
148.59271240234375
80.02777862548828
56.87092590332031
40.70604705810547
30.020048141479492
24.374313354492188
17.057966232299805
20.943504333496094
17.233917236328125
14.396574974060059
11.757015228271484
16.35952377319336
11.198199272155762
11.009682655334473
6.89613151550293
8.208279609680176
4.713020324707031
7.8543620109558105
3.8771355152130127
6.67026424407959
4.335859775543213
4.753802299499512
6.261585235595703
5.301080226898193
6.019464492797852
2.510225772857666
3.6442782878875732
4.055231094360352
4.47317361831665
3.8061206340789795
1.9059123992919922
2.051501512527466
4.352113246917725
4.919204235076904
3.420685052871704
2.5032362937927246
3.258842706680298
1.9059123992919922
1.8826693296432495
2.4031450748443604
3.4044315814971924
2.405419111251831
2.9211785793304443
3.5592844486236572
1.9466943740844727
2.4462008476257324
3.2355995178222656
1.504223346710205
2.601053476333618
0.4889572858810425
1.5450053215026855
1.8826693296432495
1.3599199056625366
1.9804866313934326
1.4809802770614624
1.8664159774780273
2.769885540008545
2.3821756839752197
0.19207514822483063
2.6558148860931396
2.7128500938415527
2.142328977584839
1.8116546869277954
2.142328977584839
0.4016890823841095
1.5450053215026855
1.7138372659683228
0.8674032092094421
1.5857871770858765
1.5357415676116943
1.7138372659683228
2.5510077476501465
1.551995038986206
2.897935628890991
2.1493189334869385
0.8196315765380859
0.917448878288269
2.5510077476501465
0.5937642455101013
1.7546192407608032
2.4462008476257324
0.8534238338470459
1.8116546869277954
1.0524886846542358
0.8604135513305664
2.213343858718872
2.236586809158325
2.631286382675171
2.1725618839263916
3.009732246398926
3.032975196838379
3.171574354171753
1.3831629753112793
2.1632981300354004
3.009732246398926
4.096013069152832
9.459961891174316
26.73152732849121
