2.139770030975342
2.5198745727539062
2.4454357624053955
1.930105447769165
1.818392276763916
1.771366834640503
1.5362393856048584
1.8046307563781738
1.5774142742156982
1.3069627285003662
1.3539881706237793
1.3520379066467285
1.6460022926330566
1.4715518951416016
1.4382879734039307
1.120810866355896
1.459850549697876
1.8224027156829834
1.4128249883651733
1.54013991355896
1.2775992155075073
1.3990633487701416
1.328525185585022
1.212911605834961
1.073785424232483
1.073785424232483
0.8641209006309509
1.5284385681152344
1.2814996242523193
1.6067776679992676
1.120810866355896
1.1874487400054932
0.8641209006309509
1.5852152109146118
1.344236969947815
1.5049257278442383
1.3951630592346191
1.4363377094268799
1.4225761890411377
1.3657995462417603
1.671465277671814
1.5793644189834595
1.691077470779419
1.2775992155075073
1.5774142742156982
1.2814996242523193
1.459850549697876
1.787078619003296
2.0476691722869873
1.8811297416687012
1.6557533740997314
1.767466425895691
1.794879674911499
1.7439537048339844
1.3932126760482788
2.0379180908203125
2.112356662750244
1.2657878398895264
1.9124433994293213
1.9986934661865234
1.7204409837722778
1.6067776679992676
1.675365686416626
2.1358695030212402
1.6538031101226807
2.343583583831787
1.9124433994293213
3.0411651134490967
2.343583583831787
2.353334903717041
2.7021255493164062
2.6511995792388916
2.6276869773864746
2.4846601486206055
2.9156904220581055
3.7622594833374023
2.952965021133423
3.8974852561950684
3.781871795654297
3.4525833129882812
3.740696907043457
4.287450790405273
4.254076957702637
4.9399566650390625
5.043759346008301
6.003991603851318
6.076479911804199
6.362533092498779
8.422122955322266
8.329913139343262
9.121545791625977
12.158920288085938
12.689962387084961
14.086965560913086
18.547025680541992
20.400632858276367
29.494985580444336
44.9361572265625
82.62432098388672
1755.857666015625
