38359.1875
10743.994140625
4374.88818359375
2628.47314453125
1811.31591796875
1129.85986328125
1005.9588012695312
817.1571655273438
525.1046142578125
498.55438232421875
418.9036865234375
356.953125
321.5528259277344
280.2524719238281
224.20196533203125
289.1025390625
188.80165100097656
185.8516387939453
188.80165100097656
162.2514190673828
177.00155639648438
141.6012420654297
129.80113220214844
135.70118713378906
115.05101013183594
129.80113220214844
112.10098266601562
120.95106506347656
73.75064849853516
79.65069580078125
82.60072326660156
76.70067596435547
76.70067596435547
88.50077819824219
91.4508056640625
67.85059356689453
91.4508056640625
88.50077819824219
79.65069580078125
50.15044021606445
70.80062103271484
73.75064849853516
44.250389099121094
44.250389099121094
56.05049133300781
35.40031051635742
64.90056610107422
32.45028305053711
59.000518798828125
56.05049133300781
35.40031051635742
35.40031051635742
47.20041275024414
32.45028305053711
38.350337982177734
47.20041275024414
38.350337982177734
29.500259399414062
41.30036163330078
35.40031051635742
23.60020637512207
35.40031051635742
41.30036163330078
14.750129699707031
32.45028305053711
41.30036163330078
56.05049133300781
61.95054244995117
32.45028305053711
17.70015525817871
23.60020637512207
47.20041275024414
38.350337982177734
35.40031051635742
29.500259399414062
32.45028305053711
47.20041275024414
44.250389099121094
35.40031051635742
41.30036163330078
53.100467681884766
32.45028305053711
26.550233840942383
32.45028305053711
47.20041275024414
32.45028305053711
29.500259399414062
59.000518798828125
29.500259399414062
29.500259399414062
38.350337982177734
50.15044021606445
41.30036163330078
53.100467681884766
61.95054244995117
67.85059356689453
61.95054244995117
67.85059356689453
85.55075073242188
424.8037414550781
