36553.76953125
11572.951171875
4823.29248046875
2722.873779296875
1955.8671875
1215.41064453125
1056.1092529296875
799.45703125
631.3055419921875
522.1546020507812
448.4039306640625
330.40289306640625
333.3529357910156
280.2524719238281
289.1025390625
247.8021697998047
206.50181579589844
215.3518829345703
212.40187072753906
168.15147399902344
153.40135192871094
138.65121459960938
156.35137939453125
109.15095520019531
132.75115966796875
103.25090789794922
106.20093536376953
76.70067596435547
106.20093536376953
106.20093536376953
67.85059356689453
94.40082550048828
88.50077819824219
118.00103759765625
79.65069580078125
67.85059356689453
76.70067596435547
103.25090789794922
70.80062103271484
59.000518798828125
53.100467681884766
59.000518798828125
59.000518798828125
56.05049133300781
38.350337982177734
41.30036163330078
44.250389099121094
41.30036163330078
61.95054244995117
44.250389099121094
35.40031051635742
82.60072326660156
35.40031051635742
23.60020637512207
44.250389099121094
38.350337982177734
35.40031051635742
32.45028305053711
23.60020637512207
29.500259399414062
35.40031051635742
35.40031051635742
41.30036163330078
44.250389099121094
50.15044021606445
41.30036163330078
32.45028305053711
38.350337982177734
32.45028305053711
35.40031051635742
53.100467681884766
14.750129699707031
35.40031051635742
38.350337982177734
44.250389099121094
32.45028305053711
29.500259399414062
35.40031051635742
23.60020637512207
64.90056610107422
35.40031051635742
38.350337982177734
29.500259399414062
32.45028305053711
38.350337982177734
29.500259399414062
50.15044021606445
29.500259399414062
20.65018081665039
47.20041275024414
23.60020637512207
44.250389099121094
53.100467681884766
76.70067596435547
44.250389099121094
47.20041275024414
61.95054244995117
70.80062103271484
91.4508056640625
392.35345458984375
