200997.46875
76062.4453125
35233.765625
20158.150390625
13198.1064453125
9344.5537109375
7072.90966796875
5347.6787109375
4466.251953125
3746.062255859375
3138.738037109375
2785.80908203125
2321.80615234375
2142.654541015625
1848.845703125
1615.948486328125
1476.2100830078125
1254.06201171875
1193.150390625
1112.5321044921875
976.3768310546875
902.9246215820312
773.9353637695312
743.4796142578125
721.9813842773438
662.861328125
643.1546630859375
625.239501953125
551.7872924804688
558.953369140625
524.9144897460938
489.08416748046875
494.4587097167969
469.3774719238281
406.67437744140625
453.25384521484375
424.5895690917969
395.92529296875
326.0561218261719
361.8864440917969
329.63916015625
317.0985412597656
286.6427307128906
340.38824462890625
295.6003112792969
302.7663879394531
311.7239685058594
254.3954315185547
218.56509399414062
243.64633178710938
238.2717742919922
250.81239318847656
240.06329345703125
227.52267456054688
234.68873596191406
257.97845458984375
216.77357482910156
184.52626037597656
218.56509399414062
204.2329559326172
188.1092987060547
182.7347412109375
204.2329559326172
166.61109924316406
193.4838409423828
180.94322204589844
152.27896118164062
170.19412231445312
157.65350341796875
161.23654174804688
159.4450225830078
180.94322204589844
173.77716064453125
159.4450225830078
123.61467742919922
170.19412231445312
182.7347412109375
155.8619842529297
130.78074645996094
145.11288452148438
154.07046508789062
159.4450225830078
168.40260314941406
152.27896118164062
154.07046508789062
159.4450225830078
164.819580078125
193.4838409423828
171.9856414794922
184.52626037597656
170.19412231445312
193.4838409423828
195.27536010742188
206.02447509765625
213.19053649902344
207.81597900390625
227.52267456054688
272.31060791015625
306.34942626953125
899.3416137695312
