142306.296875
30813.591796875
6490.69384765625
4563.14013671875
3410.267822265625
2500.214111328125
1832.978515625
1408.561279296875
1213.7432861328125
1108.95849609375
1010.4380493164062
917.0424194335938
828.771728515625
745.6258544921875
667.6049194335938
594.7088623046875
526.9376220703125
464.29132080078125
406.7698974609375
354.37335205078125
307.1016845703125
264.9548645019531
227.93296813964844
196.03594970703125
169.2637939453125
147.61651611328125
131.09413146972656
119.69662475585938
113.41915130615234
110.89837646484375
108.90786743164062
106.98095703125
105.11763763427734
103.31790161132812
101.58177185058594
99.90923309326172
98.30028533935547
96.75492858886719
95.2731704711914
93.8550033569336
92.50042724609375
91.20944213867188
89.98204803466797
88.8182601928711
87.71804809570312
86.68144226074219
85.70842742919922
84.79900360107422
83.95317840576172
83.17092895507812
82.4522933959961
81.7972412109375
81.20578002929688
80.67790985107422
80.21363830566406
79.81295776367188
79.47587585449219
79.20238494873047
78.99247741699219
78.8461685180664
78.76345825195312
78.74433898925781
78.788818359375
78.89688110351562
79.06853485107422
79.30379486083984
79.60263061523438
79.9650650024414
80.39109802246094
80.88072204589844
81.43394470214844
82.05075073242188
82.73115539550781
83.47515106201172
84.28274536132812
85.15392303466797
86.08869934082031
87.08706665039062
88.1490249633789
89.27458953857422
90.46372985839844
91.71647644042969
93.03280639648438
94.41273498535156
95.85625457763672
97.36336517333984
98.93406677246094
100.56837463378906
102.26626586914062
104.02774810791016
105.85282897949219
107.74150085449219
109.69376373291016
111.70962524414062
113.78907775878906
115.93211364746094
118.13874816894531
120.40898132324219
122.74280548095703
125.14022827148438
