1437.129638671875
27.6385498046875
9.886237144470215
7.787991046905518
3.9073939323425293
5.32596492767334
2.158217191696167
2.3985447883605957
1.9161344766616821
0.7838074564933777
1.2429311275482178
1.3255321979522705
0.9403277635574341
0.18156199157238007
1.7829008102416992
0.4946025609970093
0.7587657570838928
0.8309297561645508
0.4457252025604248
0.27756160497665405
0.6022454500198364
0.4457252025604248
1.10849130153656
0.8914504051208496
0.6627660989761353
0.0
0.5417248010635376
0.12104132771492004
0.0
0.156520277261734
0.12104132771492004
0.06052066385746002
0.5062458515167236
0.06052066385746002
0.21704094111919403
0.27756160497665405
0.06052066385746002
0.9874500036239624
0.27756160497665405
0.0
0.156520277261734
0.0
0.12104132771492004
0.313040554523468
0.06052066385746002
0.06052066385746002
0.385204553604126
0.12104132771492004
0.385204553604126
0.0
0.0
0.06052066385746002
0.5062458515167236
0.06052066385746002
0.0
0.385204553604126
0.0
0.0
0.7587657570838928
0.156520277261734
0.21704094111919403
0.0
0.5062458515167236
0.0
0.385204553604126
0.0
0.385204553604126
0.0
0.06052066385746002
0.0
0.06052066385746002
0.06052066385746002
0.0
0.0
0.0
0.0
0.06052066385746002
0.5667665600776672
0.37356120347976685
0.385204553604126
0.0
0.06052066385746002
0.0
0.0
0.06052066385746002
0.06052066385746002
0.0
0.313040554523468
0.06052066385746002
0.385204553604126
0.385204553604126
0.21704094111919403
0.0
0.37356120347976685
0.0
0.21704094111919403
0.385204553604126
0.698245108127594
0.6627660989761353
1.9027360677719116
