0.00036319371429271996
0.0003939023590646684
0.00021995649149175733
0.00016114188474602997
0.00026856979820877314
0.00021485584147740155
0.00026856979820877314
0.0001483378728153184
0.0001636398083064705
7.161861140048131e-05
0.00014323722280096263
0.00016114188474602997
0.00016114188474602997
0.0001969511795323342
0.0001969511795323342
0.00014323722280096263
0.00010742792073870078
0.0001304332254221663
0.0001253325754078105
0.00014323722280096263
0.00020205182954669
3.580930570024066e-05
0.00011252856347709894
8.952326606959105e-05
0.0001253325754078105
0.00010742792073870078
0.00010742792073870078
7.161861140048131e-05
0.00016624253476038575
9.972455882234499e-05
8.952326606959105e-05
8.952326606959105e-05
0.0001304332254221663
7.161861140048131e-05
0.00014323722280096263
0.0001969511795323342
7.161861140048131e-05
0.0001253325754078105
8.952326606959105e-05
0.0001483378728153184
0.0001253325754078105
0.00020205182954669
0.00016114188474602997
0.0001304332254221663
0.00014323722280096263
7.161861140048131e-05
7.161861140048131e-05
8.952326606959105e-05
6.391525676008314e-05
0.00016624253476038575
8.952326606959105e-05
0.00021485584147740155
7.671925413887948e-05
0.000250665150815621
7.161861140048131e-05
0.0001483378728153184
0.00010742792073870078
0.0002966757456306368
0.00011762921349145472
8.952326606959105e-05
0.00016624253476038575
0.0001483378728153184
0.00020205182954669
0.00014323722280096263
0.00016114188474602997
0.0001790465321391821
0.00010742792073870078
0.0001483378728153184
0.0001253325754078105
0.00020715247956104577
0.00016624253476038575
0.00023276048887055367
0.00020205182954669
0.00026856979820877314
0.00034528906689956784
0.00023786113888490945
0.00028647444560192525
0.0002736704482231289
0.0003759977116715163
0.0002557658008299768
0.00041690768557600677
0.00034528906689956784
0.0003835962852463126
0.0003068770165555179
0.00040920430910773575
0.00040410365909338
0.0005831501912325621
0.0005038282251916826
0.0005882508121430874
0.0008517199894413352
0.0006726734573021531
0.0008031066390685737
0.001294235698878765
0.0012814316432923079
0.0016855353023856878
0.0016650280449539423
0.0028620369266718626
0.004271403886377811
0.007931132800877094
0.6890600919723511
