18352.146484375
538.1568603515625
244.16375732421875
161.9453582763672
64.77813720703125
74.74401092529297
49.82933807373047
52.320804595947266
29.89760398864746
27.40613555908203
22.423202514648438
27.40613555908203
19.93173599243164
19.93173599243164
17.440269470214844
9.96586799621582
19.93173599243164
12.457334518432617
9.96586799621582
9.96586799621582
17.440269470214844
4.98293399810791
7.474400997161865
7.474400997161865
9.96586799621582
4.98293399810791
4.98293399810791
2.491466999053955
9.96586799621582
4.98293399810791
7.474400997161865
2.491466999053955
2.491466999053955
7.474400997161865
0.0
7.474400997161865
7.474400997161865
14.94880199432373
4.98293399810791
2.491466999053955
4.98293399810791
9.96586799621582
4.98293399810791
2.491466999053955
0.0
4.98293399810791
2.491466999053955
2.491466999053955
0.0
4.98293399810791
0.0
0.0
0.0
2.491466999053955
0.0
2.491466999053955
0.0
2.491466999053955
0.0
2.491466999053955
4.98293399810791
2.491466999053955
2.491466999053955
4.98293399810791
0.0
2.491466999053955
0.0
0.0
2.491466999053955
0.0
2.491466999053955
0.0
0.0
0.0
0.0
2.491466999053955
2.491466999053955
2.491466999053955
0.0
2.491466999053955
0.0
2.491466999053955
0.0
2.491466999053955
0.0
2.491466999053955
4.98293399810791
0.0
7.474400997161865
0.0
2.491466999053955
7.474400997161865
4.98293399810791
2.491466999053955
0.0
2.491466999053955
2.491466999053955
4.98293399810791
12.457334518432617
14.94880199432373
