95655.0
3728.9814453125
1412.3900146484375
722.3414306640625
472.49627685546875
297.4347229003906
256.6436767578125
190.35821533203125
178.46083068847656
144.46829223632812
125.77239227294922
93.47947692871094
74.78358459472656
74.78358459472656
62.88619613647461
45.88992691040039
49.289180755615234
52.68843460083008
56.08768844604492
39.0914192199707
45.88992691040039
32.292911529541016
30.593284606933594
25.494403839111328
37.39179229736328
28.893657684326172
32.292911529541016
22.095149993896484
11.897388458251953
15.296642303466797
20.395523071289062
16.99626922607422
18.69589614868164
18.69589614868164
20.395523071289062
18.69589614868164
13.597015380859375
15.296642303466797
22.095149993896484
23.794776916503906
10.197761535644531
22.095149993896484
15.296642303466797
5.098880767822266
5.098880767822266
16.99626922607422
11.897388458251953
16.99626922607422
10.197761535644531
10.197761535644531
13.597015380859375
15.296642303466797
13.597015380859375
10.197761535644531
11.897388458251953
8.49813461303711
10.197761535644531
15.296642303466797
8.49813461303711
3.3992538452148438
6.7985076904296875
13.597015380859375
6.7985076904296875
6.7985076904296875
11.897388458251953
10.197761535644531
5.098880767822266
6.7985076904296875
6.7985076904296875
11.897388458251953
6.7985076904296875
8.49813461303711
8.49813461303711
1.6996269226074219
6.7985076904296875
10.197761535644531
8.49813461303711
8.49813461303711
6.7985076904296875
5.098880767822266
15.296642303466797
11.897388458251953
18.69589614868164
16.99626922607422
6.7985076904296875
10.197761535644531
5.098880767822266
8.49813461303711
6.7985076904296875
13.597015380859375
8.49813461303711
8.49813461303711
11.897388458251953
10.197761535644531
8.49813461303711
8.49813461303711
11.897388458251953
11.897388458251953
28.893657684326172
76.48320770263672
