181666.28125
3723.281982421875
1550.109130859375
744.6312255859375
636.6148071289062
579.9067993164062
527.0502319335938
478.045166015625
432.8914794921875
391.5892639160156
354.1384582519531
320.53912353515625
290.7912292480469
264.894775390625
242.84974670410156
224.6561737060547
210.3140411376953
199.8233642578125
193.18409729003906
189.82911682128906
187.2190704345703
184.6436309814453
182.10275268554688
179.59642028808594
177.12466430664062
174.68748474121094
172.28485107421875
169.91677856445312
167.58328247070312
165.28433227539062
163.01995849609375
160.79014587402344
158.5948944091797
156.4342041015625
154.30807495117188
152.2165069580078
150.15951538085938
148.13706970214844
146.14920043945312
144.1958770751953
142.27713012695312
140.3929443359375
138.54331970214844
136.72825622558594
134.94778442382812
133.20184326171875
131.49046325683594
129.81365966796875
128.17141723632812
126.56372833251953
124.99060821533203
123.4520492553711
121.94805145263672
120.47862243652344
119.04376220703125
117.6434555053711
116.2777099609375
114.94652557373047
113.64991760253906
112.38786315917969
111.16036987304688
109.96743774414062
108.80908203125
107.68527221679688
106.59603118896484
105.54135131835938
104.52124786376953
103.53569030761719
102.58470153808594
101.66828155517578
100.78642272949219
99.93911743164062
99.12638854980469
98.34821319580078
97.60460662841797
96.89555358886719
96.2210693359375
95.5811538696289
94.97579193115234
94.40499877929688
93.86876678466797
93.3670883178711
92.89998626708984
92.46743774414062
92.06946563720703
91.70603942871094
91.37718963623047
91.08289337158203
90.82317352294922
90.5979995727539
90.40740203857422
90.25135803222656
90.1298828125
90.04296112060547
89.99061584472656
89.97283172607422
89.9896011352539
90.04093933105469
90.12683868408203
90.24729919433594
