10670.837796211243
7.246061682701111
960.7728221714497
319.50212267041206
319.60129392147064
0.13100509345531464
0.2620101869106293
0.3930152952671051
0.3930152952671051
0.13100509345531464
0.0
0.13100509345531464
0.0
0.0
0.8489657491445541
1.0613903105258942
0.13100509345531464
0.13100509345531464
0.13100509345531464
0.13100509345531464
0.0
0.0
0.0
0.0
0.13100509345531464
0.0
0.0
0.0
0.0
0.0
0.0
0.7179606556892395
0.0
0.0
0.0
0.0
0.0
0.7179606556892395
0.0
0.0
0.0
0.0
0.0
0.0
0.0
0.0
0.34342965483665466
0.0
0.0
0.0
0.0
0.0
0.0
0.0
0.0
0.0
0.0
0.0
0.0
0.13100509345531464
0.0
0.0
0.0
0.0
0.0
0.0
0.0
0.0
0.0
0.0
0.0
0.0
0.0
0.0
0.0
0.0
0.0
0.0
0.0
0.0
0.0
0.0
0.0
0.0
0.0
0.0
0.13100509345531464
0.0
0.0
0.0
0.0
0.0
0.0
0.0
0.0
0.0
0.0
0.0
0.0
0.13100509345531464
