132.39431762695312
13.505168914794922
0.4212644696235657
0.29616767168045044
0.40126684308052063
0.472748339176178
0.5106120705604553
0.5148581266403198
0.48745763301849365
0.4492224454879761
0.4126439392566681
0.37789207696914673
0.3449668288230896
0.3138681948184967
0.28459620475769043
0.2571508288383484
0.2315320521593094
0.2077399045228958
0.18577437102794647
0.16563548147678375
0.14732319116592407
0.13083751499652863
0.1161784678697586
0.10334604978561401
0.09234023839235306
0.08316105604171753
0.07580848783254623
0.07028254121541977
0.06658151745796204
0.06422624737024307
0.06208280473947525
0.059987157583236694
0.0579393245279789
0.055939286947250366
0.053987056016922
0.05208262801170349
0.05022600293159485
0.04841718077659607
0.04665616154670715
0.0449429452419281
0.04327753186225891
0.04165992513298988
0.04009011760354042
0.03856811299920082
0.03709391504526138
0.03566752001643181
0.0342889241874218
0.03295813873410225
0.031675152480602264
0.030439967289566994
0.029252588748931885
0.02811301313340664
0.027021240442991257
0.025977270677685738
0.024981103837490082
0.02403273992240429
0.02313218079507351
0.022279422730207443
0.02147447131574154
0.02071732096374035
0.020007971674203873
0.019346430897712708
0.018732687458395958
0.01816675253212452
0.017648618668317795
0.017178287729620934
0.016755759716033936
0.01638103649020195
0.016054116189479828
0.01577499881386757
0.015543685294687748
0.015360173769295216
0.015224466100335121
0.01513656135648489
0.015096461400389671
0.015104162506759167
0.015159668400883675
0.015262977220118046
0.01541408896446228
0.015613005496561527
0.01585972309112549
0.016154244542121887
0.0164965707808733
0.016886699944734573
0.017324630171060562
0.017810365185141563
0.018343903124332428
0.018925245851278305
0.019554389640688896
0.0202313382178545
0.020956089720129967
0.021728644147515297
0.02254900336265564
0.023417163640260696
0.024333126842975616
0.02529689483344555
0.026308465749025345
0.027367841452360153
0.028475018218159676
0.02962999790906906
