0.022771600633859634
0.01975024864077568
0.014057349413633347
0.01277987565845251
0.02102772518992424
0.016845500096678734
0.008481049910187721
0.015568025410175323
0.014057349413633347
0.016962099820375443
0.0211443230509758
0.008714251220226288
0.014290550723671913
0.01835617423057556
0.014057349413633347
0.004298825282603502
0.011269200593233109
0.005576299503445625
0.014057349413633347
0.015451423823833466
0.012663275003433228
0.012663275003433228
0.01277987565845251
0.012663275003433228
0.014290550723671913
0.007203575689345598
0.007086975034326315
0.00987512432038784
0.007086975034326315
0.005692900158464909
0.008597650565207005
0.012663275003433228
0.0027881497517228127
0.015334824100136757
0.004298825282603502
0.01115259900689125
0.007203575689345598
0.004182224627584219
0.012663275003433228
0.014057349413633347
0.008597650565207005
0.00987512432038784
0.013013076037168503
0.005692900158464909
0.016962099820375443
0.015568025410175323
0.008597650565207005
0.008364449255168438
0.018239574506878853
0.007086975034326315
0.014057349413633347
0.006970374379307032
0.01847277581691742
0.016962099820375443
0.011269200593233109
0.015334824100136757
0.02428227663040161
0.012663275003433228
0.006970374379307032
0.016962099820375443
0.01115259900689125
0.019633648917078972
0.015684625133872032
0.022654999047517776
0.015684625133872032
0.026837224140763283
0.018122972920536995
0.02451547607779503
0.012663275003433228
0.016962099820375443
0.02242179960012436
0.01115259900689125
0.011269200593233109
0.025792952626943588
0.02555975131690502
0.03555147722363472
0.03833962604403496
0.03950049728155136
0.02451547607779503
0.026837224140763283
0.03578467667102814
0.0370621532201767
0.04356612637639046
0.032530125230550766
0.0512361042201519
0.04356612637639046
0.05518512427806854
0.06866460293531418
0.07319662719964981
0.07702904939651489
0.09166427701711655
0.1228003278374672
0.10595482587814331
0.12338332831859589
0.15300869941711426
0.2119147777557373
0.2899932265281677
0.44102486968040466
0.8398879766464233
44.67055130004883
