2952.975830078125
241.90213012695312
91.4508056640625
56.05049133300781
29.500259399414062
20.65018081665039
44.250389099121094
11.800103187561035
20.65018081665039
20.65018081665039
0.0
8.850077629089355
17.70015525817871
2.950025796890259
14.750129699707031
2.950025796890259
8.850077629089355
5.900051593780518
2.950025796890259
2.950025796890259
5.900051593780518
0.0
0.0
2.950025796890259
2.950025796890259
0.0
5.900051593780518
2.950025796890259
0.0
0.0
0.0
5.900051593780518
0.0
5.900051593780518
8.850077629089355
2.950025796890259
0.0
0.0
0.0
0.0
0.0
2.950025796890259
0.0
0.0
2.950025796890259
0.0
2.950025796890259
0.0
5.900051593780518
0.0
0.0
5.900051593780518
0.0
0.0
2.950025796890259
0.0
0.0
0.0
0.0
5.900051593780518
0.0
0.0
0.0
0.0
2.950025796890259
0.0
0.0
2.950025796890259
2.950025796890259
0.0
0.0
2.950025796890259
0.0
0.0
2.950025796890259
0.0
0.0
0.0
0.0
0.0
2.950025796890259
2.950025796890259
0.0
0.0
0.0
0.0
0.0
2.950025796890259
0.0
2.950025796890259
0.0
8.850077629089355
5.900051593780518
0.0
2.950025796890259
0.0
0.0
8.850077629089355
2.950025796890259
20.65018081665039
