3009.0263671875
197.6517333984375
76.70067596435547
59.000518798828125
44.250389099121094
17.70015525817871
26.550233840942383
20.65018081665039
20.65018081665039
20.65018081665039
2.950025796890259
14.750129699707031
11.800103187561035
8.850077629089355
2.950025796890259
11.800103187561035
2.950025796890259
2.950025796890259
5.900051593780518
2.950025796890259
2.950025796890259
2.950025796890259
0.0
0.0
5.900051593780518
0.0
2.950025796890259
2.950025796890259
0.0
0.0
5.900051593780518
0.0
2.950025796890259
5.900051593780518
2.950025796890259
0.0
0.0
0.0
0.0
2.950025796890259
2.950025796890259
0.0
2.950025796890259
2.950025796890259
0.0
2.950025796890259
5.900051593780518
0.0
0.0
0.0
0.0
0.0
0.0
0.0
2.950025796890259
5.900051593780518
2.950025796890259
0.0
2.950025796890259
0.0
0.0
2.950025796890259
0.0
2.950025796890259
0.0
0.0
0.0
0.0
0.0
2.950025796890259
0.0
2.950025796890259
0.0
0.0
0.0
0.0
0.0
0.0
0.0
0.0
2.950025796890259
0.0
0.0
2.950025796890259
0.0
0.0
0.0
0.0
8.850077629089355
0.0
0.0
2.950025796890259
5.900051593780518
0.0
0.0
8.850077629089355
0.0
2.950025796890259
5.900051593780518
23.60020637512207
