38276.35546875
2597.080322265625
930.1700439453125
568.911376953125
375.4814758300781
256.0101013183594
128.0050506591797
145.0723876953125
167.82884216308594
79.64759063720703
59.73569107055664
56.891136169433594
51.202022552490234
45.512908935546875
48.35746383666992
54.04657745361328
36.9792366027832
48.35746383666992
19.911897659301758
25.601011276245117
39.823795318603516
28.445568084716797
28.445568084716797
36.9792366027832
22.756454467773438
19.911897659301758
31.290124893188477
22.756454467773438
17.067340850830078
19.911897659301758
17.067340850830078
19.911897659301758
22.756454467773438
8.533670425415039
17.067340850830078
8.533670425415039
8.533670425415039
5.689113616943359
11.378227233886719
19.911897659301758
11.378227233886719
14.222784042358398
11.378227233886719
17.067340850830078
8.533670425415039
5.689113616943359
2.8445568084716797
5.689113616943359
14.222784042358398
11.378227233886719
8.533670425415039
5.689113616943359
5.689113616943359
5.689113616943359
11.378227233886719
2.8445568084716797
5.689113616943359
0.0
11.378227233886719
8.533670425415039
8.533670425415039
8.533670425415039
5.689113616943359
5.689113616943359
2.8445568084716797
8.533670425415039
0.0
5.689113616943359
11.378227233886719
5.689113616943359
0.0
19.911897659301758
2.8445568084716797
8.533670425415039
5.689113616943359
11.378227233886719
5.689113616943359
14.222784042358398
5.689113616943359
0.0
0.0
5.689113616943359
0.0
0.0
5.689113616943359
2.8445568084716797
8.533670425415039
0.0
8.533670425415039
5.689113616943359
2.8445568084716797
8.533670425415039
5.689113616943359
2.8445568084716797
5.689113616943359
5.689113616943359
19.911897659301758
14.222784042358398
8.533670425415039
39.823795318603516
