10605.7255859375
824.7809448242188
377.7728271484375
159.36058044433594
29.766231536865234
-13.015052795410156
-12.346646308898926
-10.118096351623535
-8.039366722106934
-6.110456943511963
-4.331367492675781
-2.7020986080169678
-1.2226500511169434
0.1069781556725502
1.2867860794067383
2.3167736530303955
3.1969408988952637
3.9272878170013428
4.507814407348633
4.938520431518555
5.2194061279296875
5.350471496582031
5.331717014312744
5.168100833892822
4.941336154937744
4.718399524688721
4.501266956329346
4.289937496185303
4.084412574768066
3.884690761566162
3.6907732486724854
3.502659559249878
3.32034969329834
3.143843412399292
2.9731411933898926
2.8082427978515625
2.6491482257843018
2.4958574771881104
2.348370313644409
2.2066872119903564
2.070807933807373
1.9407325983047485
1.8164610862731934
1.697993278503418
1.585329294204712
1.4784691333770752
1.3774127960205078
1.2821604013442993
1.1927117109298706
1.1090669631958008
1.0312260389328003
0.9591888785362244
0.892955482006073
0.8325260281562805
0.7779003977775574
0.7290785312652588
0.6860606074333191
0.6488463878631592
0.6174360513687134
0.5918295979499817
0.5720269083976746
0.5580280423164368
0.5498330593109131
0.5474418997764587
0.5508545637130737
0.5600710511207581
0.5750913023948669
0.5959154963493347
0.622543454170227
0.6549752354621887
0.6932108998298645
0.7372503876686096
0.7870936989784241
0.8427407741546631
0.904191792011261
0.9714465737342834
1.04450523853302
1.1233675479888916
1.2080339193344116
1.2985039949417114
1.3947778940200806
1.4968557357788086
1.6047372817993164
1.718422770500183
1.8379120826721191
1.963205099105835
2.09430193901062
2.2312028408050537
2.3739073276519775
2.52241587638855
2.6767280101776123
2.836843967437744
3.0027642250061035
3.174487829208374
3.352015495300293
3.535346746444702
3.7244820594787598
3.9194211959838867
4.120163917541504
4.3267107009887695
