6733.21936750412
2916.132513999939
21.003061771392822
11.343456089496613
327.65187031030655
5.36680668592453
2.602350115776062
1.4410561323165894
2.665285289287567
1.5224755704402924
2.3403398990631104
0.6054398417472839
0.6550254821777344
0.6550254821777344
1.6038950085639954
319.4022189229727
0.6550254821777344
1.1294602453708649
0.2620101869106293
0.2620101869106293
2.303371340036392
318.68425826728344
0.6550254821777344
0.13100509345531464
0.8489657491445541
1.0798746049404144
0.2620101869106293
0.0
0.3930152952671051
0.34342965483665466
0.0
0.0
0.7364449501037598
958.7943962067366
0.6054398417472839
0.34342965483665466
0.0
0.0
0.2620101869106293
0.8489657491445541
0.34342965483665466
0.34342965483665466
0.13100509345531464
0.2620101869106293
0.0
0.13100509345531464
0.2620101869106293
0.13100509345531464
0.0
0.0
0.0
0.0
0.13100509345531464
0.34342965483665466
0.5240203738212585
637.1065063476562
0.8489657491445541
0.0
0.0
0.0
0.3930152952671051
0.13100509345531464
0.0
0.0
0.0
0.13100509345531464
0.13100509345531464
0.0
0.0
0.0
0.0
0.0
0.2620101869106293
0.3930152952671051
0.13100509345531464
0.0
0.13100509345531464
0.0
0.0
0.4744347482919693
0.2620101869106293
0.5240203738212585
0.2620101869106293
0.13100509345531464
0.13100509345531464
0.0
0.13100509345531464
0.13100509345531464
0.0
0.0
0.0
0.0
0.7179606556892395
0.13100509345531464
0.7179606556892395
0.7179606556892395
0.0
0.0
0.13100509345531464
0.6054398417472839
