26.224924087524414
43.67002487182617
22.051103591918945
11.081445693969727
9.229621887207031
6.283842086791992
2.258920431137085
1.6534806489944458
2.796290397644043
0.7860305905342102
2.2093348503112793
1.7348999977111816
0.2620101869106293
1.260465383529663
1.5039912462234497
0.7364449501037598
0.3930152952671051
1.1294602155685425
0.7364449501037598
1.110975980758667
0.8489657640457153
0.13100509345531464
1.372986078262329
0.3930152952671051
0.4744347333908081
0.7364449501037598
0.13100509345531464
0.0
0.0
0.3930152952671051
0.0
0.7364449501037598
0.34342965483665466
0.4744347333908081
0.0
0.4744347333908081
0.9799708127975464
0.13100509345531464
0.0
0.13100509345531464
0.4744347333908081
0.0
0.0
0.13100509345531464
0.7364449501037598
0.0
0.13100509345531464
0.13100509345531464
0.0
0.34342965483665466
0.13100509345531464
0.0
0.0
0.2620101869106293
0.2620101869106293
0.8489657640457153
0.0
0.0
0.13100509345531464
0.2620101869106293
0.13100509345531464
0.0
0.0
0.0
0.0
0.0
0.0
0.0
0.13100509345531464
0.13100509345531464
0.0
0.2620101869106293
0.13100509345531464
0.2620101869106293
0.2620101869106293
0.0
0.0
0.13100509345531464
0.13100509345531464
0.6054398417472839
0.2620101869106293
0.3930152952671051
0.13100509345531464
0.13100509345531464
0.13100509345531464
0.0
0.0
0.0
0.0
0.0
0.13100509345531464
0.0
0.8489657640457153
0.7179606556892395
0.7179606556892395
0.0
0.0
0.0
0.13100509345531464
0.6054398417472839
