41.384986877441406
68.3424072265625
131.41123962402344
135.32733154296875
127.18252563476562
131.41123962402344
131.759521484375
122.60551452636719
162.94564819335938
105.30670166015625
109.37911224365234
117.68023681640625
99.37222290039062
89.71363067626953
149.2146453857422
146.4997100830078
117.68023681640625
105.65498352050781
157.8640594482422
126.32963562011719
136.84112548828125
100.38140869140625
145.4905242919922
148.86636352539062
142.42730712890625
188.041015625
146.84799194335938
133.62158203125
121.248046875
139.05145263671875
133.96987915039062
144.98593139648438
118.18482208251953
201.26742553710938
187.5364227294922
172.2916259765625
176.17205810546875
126.99053955078125
194.82835388183594
173.45712280273438
150.57211303710938
150.06752014160156
180.59275817871094
196.69041442871094
161.08358764648438
193.9754638671875
179.23529052734375
174.81459045410156
227.02366638183594
231.28805541992188
235.01217651367188
193.9754638671875
224.1524200439453
202.4685821533203
264.4925537109375
271.47186279296875
203.63406372070312
300.6396484375
248.04661560058594
243.156982421875
270.1144104003906
279.0764465332031
294.00860595703125
295.0177917480469
266.702880859375
371.66131591796875
334.697021484375
389.4647216796875
364.52569580078125
347.070556640625
373.52337646484375
410.8359375
384.03485107421875
405.5624084472656
452.02899169921875
493.9185791015625
604.2711791992188
516.611572265625
520.84033203125
551.209228515625
612.572265625
687.1618041992188
693.600830078125
711.0916748046875
785.873046875
830.5982666015625
883.3475952148438
1080.5069580078125
979.2726440429688
1173.4044189453125
1255.165283203125
1564.03466796875
1781.051513671875
1855.484619140625
2417.83056640625
3092.931396484375
3955.497314453125
5577.60400390625
9508.873046875
58932.15625
