849.31787109375
487.85223388671875
351.3547058105469
252.77317810058594
174.4134979248047
156.71937561035156
131.44204711914062
83.41514587402344
75.83195495605469
68.2487564086914
78.35968780517578
35.38824462890625
30.332780838012695
35.38824462890625
20.22185516357422
35.38824462890625
17.694122314453125
22.74958610534668
35.38824462890625
30.332780838012695
20.22185516357422
15.166390419006348
20.22185516357422
12.63865852355957
15.166390419006348
12.63865852355957
17.694122314453125
17.694122314453125
15.166390419006348
15.166390419006348
15.166390419006348
5.055463790893555
15.166390419006348
5.055463790893555
17.694122314453125
15.166390419006348
20.22185516357422
2.5277318954467773
2.5277318954467773
7.583195209503174
0.0
2.5277318954467773
7.583195209503174
12.63865852355957
15.166390419006348
5.055463790893555
2.5277318954467773
10.11092758178711
2.5277318954467773
5.055463790893555
0.0
0.0
7.583195209503174
12.63865852355957
5.055463790893555
10.11092758178711
2.5277318954467773
2.5277318954467773
5.055463790893555
5.055463790893555
5.055463790893555
2.5277318954467773
15.166390419006348
10.11092758178711
12.63865852355957
2.5277318954467773
12.63865852355957
2.5277318954467773
2.5277318954467773
2.5277318954467773
5.055463790893555
2.5277318954467773
2.5277318954467773
15.166390419006348
10.11092758178711
7.583195209503174
2.5277318954467773
10.11092758178711
0.0
2.5277318954467773
5.055463790893555
0.0
17.694122314453125
2.5277318954467773
10.11092758178711
10.11092758178711
0.0
5.055463790893555
7.583195209503174
5.055463790893555
7.583195209503174
20.22185516357422
10.11092758178711
7.583195209503174
7.583195209503174
10.11092758178711
7.583195209503174
10.11092758178711
15.166390419006348
68.2487564086914
