787.6569213867188
507.4044494628906
351.0530700683594
238.9521026611328
174.05152893066406
185.8516387939453
126.85111236572266
88.50077819824219
88.50077819824219
61.95054244995117
73.75064849853516
29.500259399414062
26.550233840942383
50.15044021606445
23.60020637512207
44.250389099121094
14.750129699707031
17.70015525817871
29.500259399414062
20.65018081665039
38.350337982177734
23.60020637512207
11.800103187561035
14.750129699707031
14.750129699707031
11.800103187561035
17.70015525817871
20.65018081665039
32.45028305053711
5.900051593780518
20.65018081665039
5.900051593780518
11.800103187561035
17.70015525817871
17.70015525817871
5.900051593780518
0.0
11.800103187561035
5.900051593780518
8.850077629089355
2.950025796890259
8.850077629089355
8.850077629089355
5.900051593780518
8.850077629089355
8.850077629089355
8.850077629089355
5.900051593780518
0.0
2.950025796890259
8.850077629089355
2.950025796890259
11.800103187561035
5.900051593780518
2.950025796890259
2.950025796890259
5.900051593780518
0.0
2.950025796890259
5.900051593780518
2.950025796890259
11.800103187561035
5.900051593780518
11.800103187561035
0.0
5.900051593780518
20.65018081665039
5.900051593780518
2.950025796890259
2.950025796890259
5.900051593780518
5.900051593780518
2.950025796890259
11.800103187561035
14.750129699707031
2.950025796890259
5.900051593780518
5.900051593780518
5.900051593780518
5.900051593780518
2.950025796890259
2.950025796890259
5.900051593780518
2.950025796890259
8.850077629089355
2.950025796890259
5.900051593780518
5.900051593780518
2.950025796890259
8.850077629089355
5.900051593780518
8.850077629089355
20.65018081665039
8.850077629089355
5.900051593780518
14.750129699707031
2.950025796890259
8.850077629089355
17.70015525817871
73.75064849853516
