9367.125
5856.9423828125
4602.49267578125
3458.98095703125
2753.531005859375
2147.640380859375
1507.6151123046875
1339.7862548828125
1012.6622314453125
944.392822265625
796.4758911132812
654.248046875
637.1807250976562
506.33111572265625
472.1964111328125
512.0202026367188
420.994384765625
375.4814758300781
355.569580078125
292.9893493652344
275.9219970703125
210.4971923828125
241.78732299804688
216.18630981445312
190.58529663085938
170.67340087890625
170.67340087890625
142.22784423828125
162.13973999023438
164.9842987060547
122.3159408569336
173.51795959472656
128.0050506591797
147.9169464111328
153.60606384277344
113.78227233886719
99.55948638916016
119.47138214111328
102.40404510498047
73.9584732055664
105.24859619140625
93.87036895751953
79.64759063720703
76.80303192138672
76.80303192138672
56.891136169433594
85.33670043945312
76.80303192138672
68.26936340332031
73.9584732055664
45.512908935546875
73.9584732055664
62.58024978637695
65.4248046875
65.4248046875
51.202022552490234
82.49214935302734
54.04657745361328
71.11392211914062
56.891136169433594
59.73569107055664
48.35746383666992
73.9584732055664
31.290124893188477
42.66835021972656
22.756454467773438
48.35746383666992
56.891136169433594
31.290124893188477
42.66835021972656
31.290124893188477
36.9792366027832
48.35746383666992
62.58024978637695
45.512908935546875
48.35746383666992
71.11392211914062
42.66835021972656
39.823795318603516
51.202022552490234
56.891136169433594
45.512908935546875
31.290124893188477
34.134681701660156
54.04657745361328
45.512908935546875
36.9792366027832
54.04657745361328
54.04657745361328
39.823795318603516
39.823795318603516
45.512908935546875
36.9792366027832
82.49214935302734
59.73569107055664
73.9584732055664
73.9584732055664
62.58024978637695
110.93771362304688
241.78732299804688
