5045.44580078125
3398.83154296875
417.3158264160156
15.783214569091797
234.61456298828125
255.78968811035156
184.52586364746094
122.47432708740234
73.78462219238281
38.45671463012695
16.490615844726562
7.886319160461426
12.62916088104248
26.634233474731445
40.25446319580078
52.09770965576172
62.163970947265625
70.4532470703125
76.96553802490234
81.70083618164062
84.65916442871094
85.84049224853516
85.24484252929688
82.93070983886719
79.86196899414062
76.82868957519531
73.85417938232422
70.93843841552734
68.08146667480469
65.28326416015625
62.54383087158203
59.863162994384766
57.24126434326172
54.67813491821289
52.173770904541016
49.72817611694336
47.34135055541992
45.01329040527344
42.74400329589844
40.53348159790039
38.38172912597656
36.28874206542969
34.2545280456543
32.27907943725586
30.362398147583008
28.504486083984375
26.70534324645996
24.964967727661133
23.283361434936523
21.6605224609375
20.096450805664062
18.591148376464844
17.14461326599121
15.756848335266113
14.427850723266602
13.157621383666992
11.946160316467285
10.79346752166748
9.699542999267578
8.664386749267578
7.6879987716674805
6.770379066467285
5.911527633666992
5.111443996429443
4.370129108428955
3.687582015991211
3.0638034343719482
2.498793125152588
1.9925509691238403
1.5450772047042847
1.1563714742660522
0.8264342546463013
0.5552651286125183
0.34286433458328247
0.189231738448143
0.09436741471290588
0.058271344751119614
0.0809435173869133
0.16238394379615784
0.3025926351547241
0.5015695691108704
0.7593147158622742
1.0758280754089355
1.4511098861694336
1.8851597309112549
2.3779778480529785
2.9295644760131836
3.539919137954712
4.209042072296143
4.9369330406188965
5.723592758178711
6.5690202713012695
7.473216533660889
8.436180114746094
9.457913398742676
10.538414001464844
11.677681922912598
12.875720024108887
14.132524490356445
15.448099136352539
