2942.77734375
98.53802490234375
35.37374496459961
24.077560424804688
13.212477684020996
8.195456504821777
9.962899208068848
5.479176044464111
6.069509983062744
6.9159440994262695
4.748097896575928
1.4949597120285034
3.420685052871704
3.2018072605133057
2.897935628890991
3.5662736892700195
2.510225772857666
1.7138372659683228
1.6498122215270996
0.7963885068893433
1.3529301881790161
1.9164615869522095
1.2621026039123535
0.8534238338470459
0.6275564432144165
1.0222558975219727
1.4809802770614624
0.7963885068893433
1.4239449501037598
0.19207514822483063
0.9011954665184021
1.2621026039123535
0.23285707831382751
0.46571415662765503
0.5635313987731934
0.7323634624481201
0.3946993947029114
0.3609071671962738
1.1270627975463867
0.4587244391441345
0.5635313987731934
0.5297392010688782
1.1840981245040894
0.3946993947029114
0.6275564432144165
0.3946993947029114
1.150305986404419
1.5217621326446533
0.4587244391441345
0.9582307934761047
0.16883201897144318
1.5217621326446533
0.16883201897144318
0.6275564432144165
0.0
0.4587244391441345
0.3946993947029114
0.917448878288269
0.06402505189180374
0.7893987894058228
0.5064960718154907
0.9582307934761047
0.3946993947029114
0.6275564432144165
0.16883201897144318
0.5227494835853577
1.1270627975463867
0.06402505189180374
0.7893987894058228
0.3946993947029114
0.23285707831382751
0.5635313987731934
1.1270627975463867
0.4587244391441345
0.06402505189180374
0.0
0.33766403794288635
0.3946993947029114
0.8534238338470459
0.0
0.33766403794288635
0.9011954665184021
0.5064960718154907
0.0
0.7323634624481201
0.4587244391441345
0.3946993947029114
1.070027470588684
0.6275564432144165
0.9582307934761047
0.16883201897144318
0.7893987894058228
0.9582307934761047
0.3946993947029114
0.16883201897144318
2.4799928665161133
1.8116546869277954
0.5705211162567139
1.070027470588684
8.927948951721191
