0.0005735189188271761
0.0006810537306591868
0.00029187885229475796
0.0002739563933573663
0.0003046819183509797
0.00014849913713987917
0.0001971471356227994
0.0002329920680494979
0.00014849913713987917
0.00014849913713987917
0.00013057667820248753
0.00014337972970679402
0.00018434406956657767
0.00018434406956657767
0.00011265419743722305
0.00012545727076940238
0.00014849913713987917
0.00014849913713987917
0.0001613022031961009
0.00013569607108365744
0.00017922466213349253
0.00014849913713987917
0.00022018900199327618
0.0001971471356227994
0.0001613022031961009
0.00010753479728009552
0.00010753479728009552
9.47317312238738e-05
0.0001613022031961009
0.00014337972970679402
0.00010753479728009552
0.00014593488594982773
0.0001971471356227994
0.00010753479728009552
0.00015361853002104908
0.00018434406956657767
0.00020226654305588454
0.0001613022031961009
8.961233106674626e-05
0.00012545727076940238
0.00010753479728009552
0.0002329920680494979
0.00022018900199327618
0.00023811147548258305
0.0002253083948744461
0.00014337972970679402
0.0001971471356227994
0.0001613022031961009
0.00015361853002104908
0.00014337972970679402
0.00020226654305588454
0.00023811147548258305
0.00016642161062918603
0.00021506959456019104
0.00018434406956657767
0.00025091454153880477
0.0003226044063922018
0.00017922466213349253
0.00017922466213349253
0.0002688370004761964
0.00017922466213349253
0.00028675945941358805
0.0002739563933573663
0.00013057667820248753
0.0001971471356227994
0.00017154100351035595
0.0003405268653295934
0.00026115335640497506
0.00022018900199327618
0.00018434406956657767
0.00021506959456019104
0.0002329920680494979
0.0003430820070207119
0.0005248709348961711
0.00026115335640497506
0.0004224555450491607
0.00031492073321715
0.00029699827427975833
0.00029187885229475796
0.0004045330861117691
0.0003098013112321496
0.000601680192630738
0.0003046819183509797
0.0004634198558051139
0.000553032208699733
0.0005376740009523928
0.0007066507241688669
0.000678489450365305
0.000793707964476198
0.0009550101240165532
0.0009191652061417699
0.001044622389599681
0.0012161543127149343
0.001784553867764771
0.0018562437035143375
0.0023990280460566282
0.003418044187128544
0.004833909682929516
0.00967295840382576
0.8443059921264648
