63123.7265625
2090.754150390625
945.10107421875
461.2695007324219
345.9521179199219
195.5381622314453
218.10025024414062
132.8656768798828
132.8656768798828
102.78287506103516
107.79667663574219
85.23458099365234
112.81047821044922
62.6724853515625
55.15178680419922
60.16558837890625
37.603492736816406
55.15178680419922
40.110389709472656
32.589691162109375
22.562095642089844
20.055194854736328
30.082794189453125
22.562095642089844
20.055194854736328
15.041397094726562
27.57589340209961
25.068994522094727
15.041397094726562
7.520698547363281
12.534497261047363
22.562095642089844
15.041397094726562
12.534497261047363
15.041397094726562
17.548295974731445
17.548295974731445
12.534497261047363
10.027597427368164
25.068994522094727
15.041397094726562
10.027597427368164
12.534497261047363
12.534497261047363
10.027597427368164
7.520698547363281
25.068994522094727
12.534497261047363
7.520698547363281
15.041397094726562
7.520698547363281
12.534497261047363
17.548295974731445
7.520698547363281
17.548295974731445
12.534497261047363
7.520698547363281
7.520698547363281
2.506899356842041
10.027597427368164
10.027597427368164
10.027597427368164
5.013798713684082
5.013798713684082
7.520698547363281
7.520698547363281
0.0
10.027597427368164
7.520698547363281
10.027597427368164
17.548295974731445
2.506899356842041
10.027597427368164
5.013798713684082
15.041397094726562
5.013798713684082
2.506899356842041
7.520698547363281
10.027597427368164
10.027597427368164
7.520698547363281
2.506899356842041
0.0
7.520698547363281
15.041397094726562
7.520698547363281
7.520698547363281
10.027597427368164
22.562095642089844
17.548295974731445
5.013798713684082
15.041397094726562
17.548295974731445
22.562095642089844
17.548295974731445
7.520698547363281
20.055194854736328
10.027597427368164
37.603492736816406
90.24838256835938
