380523.625
16198.8974609375
5879.75927734375
3235.47998046875
2045.91259765625
1402.7579345703125
1089.242431640625
885.0094604492188
655.6952514648438
544.6212158203125
521.3314819335938
388.75921630859375
300.9748840332031
326.0561218261719
261.5614929199219
265.14453125
213.19053649902344
186.31777954101562
166.61109924316406
154.07046508789062
146.90440368652344
154.07046508789062
137.9468231201172
128.98922729492188
89.57585906982422
77.03523254394531
105.69950866699219
91.36737060546875
93.15888977050781
80.61827087402344
77.03523254394531
94.95040893554688
60.911582946777344
66.2861328125
66.2861328125
77.03523254394531
64.49461364746094
48.3709602355957
60.911582946777344
78.82675170898438
53.745513916015625
57.328548431396484
51.95399475097656
55.53702926635742
50.162479400634766
50.162479400634766
35.83034133911133
37.62186050415039
44.78792953491211
53.745513916015625
34.03882598876953
39.41337585449219
25.081239700317383
32.24730682373047
32.24730682373047
30.455791473388672
34.03882598876953
34.03882598876953
32.24730682373047
32.24730682373047
30.455791473388672
21.498205184936523
34.03882598876953
25.081239700317383
28.664274215698242
25.081239700317383
32.24730682373047
21.498205184936523
30.455791473388672
23.289722442626953
19.706687927246094
25.081239700317383
17.915170669555664
12.540619850158691
34.03882598876953
30.455791473388672
30.455791473388672
23.289722442626953
28.664274215698242
17.915170669555664
35.83034133911133
16.123653411865234
28.664274215698242
17.915170669555664
25.081239700317383
16.123653411865234
12.540619850158691
16.123653411865234
30.455791473388672
25.081239700317383
51.95399475097656
28.664274215698242
25.081239700317383
35.83034133911133
41.20489501953125
32.24730682373047
42.99641036987305
39.41337585449219
55.53702926635742
139.73834228515625
