188552.390625
4089.161865234375
1312.2337646484375
621.123291015625
535.41357421875
493.7059631347656
454.7681579589844
418.60009765625
385.2018737792969
354.573486328125
326.71484375
301.6260681152344
279.3070373535156
259.75787353515625
242.97848510742188
228.9689178466797
217.72915649414062
209.2592010498047
203.55906677246094
200.22360229492188
197.43914794921875
194.69833374023438
192.00111389160156
189.34750366210938
186.7375030517578
184.17111206054688
181.64833068847656
179.1691436767578
176.73358154296875
174.3415985107422
171.99325561523438
169.68850708007812
167.42735290527344
165.20982360839844
163.035888671875
160.90554809570312
158.81884765625
156.77572631835938
154.77622985839844
152.82034301757812
150.9080352783203
149.0393524169922
147.2142791748047
145.43280029296875
143.69493103027344
142.0006866455078
140.35003662109375
138.7429962158203
137.17955017089844
135.65972900390625
134.1835174560547
132.7509002685547
131.3618927001953
130.0164794921875
128.71469116210938
127.45650482177734
126.24191284179688
125.07093811035156
123.9435806274414
122.85980987548828
121.81966400146484
120.82311248779297
119.87017822265625
118.9608383178711
118.0951156616211
117.27299499511719
116.4944839477539
115.75957489013672
115.06828308105469
114.42058563232422
113.81649780273438
113.25601959228516
112.73915100097656
112.26588439941406
111.83622741699219
111.4501724243164
111.10772705078125
110.80889892578125
110.55366516113281
110.34203338623047
110.17401885986328
110.04960632324219
109.96880340576172
109.93161010742188
109.93801879882812
109.988037109375
110.08165740966797
110.21888732910156
110.39973449707031
110.6241683959961
110.89222717285156
111.2038803100586
111.55915069580078
111.95802307128906
112.40050506591797
112.88658905029297
113.4162826538086
113.98957824707031
114.60648345947266
115.26699829101562
