146.9860382080078
3.014596462249756
0.8646817803382874
0.6584730744361877
0.4796772599220276
0.2429632544517517
0.594305694103241
0.7668523192405701
0.0
0.0
0.06416741758584976
0.0
0.0
0.06416741758584976
0.4796772599220276
0.0
0.06416741758584976
0.0
0.0
0.06416741758584976
0.0
0.0
0.06416741758584976
0.06416741758584976
0.17879584431648254
0.0
0.0
0.0
0.0
0.0
0.0
0.0
0.0
0.0
0.0
0.0
0.0
0.0
0.0
0.0
0.0
0.0
0.0
0.0
0.0
0.0
0.0
0.0
0.2429632544517517
0.0
0.0
0.0
0.0
0.0
0.0
0.0
0.0
0.0
0.0
0.0
0.0
0.0
0.0
0.0
0.0
0.0
0.0
0.0
0.0
0.0
0.0
0.0
0.0
0.0
0.0
0.0
0.0
0.0
0.0
0.0
0.0
0.0
0.0
0.0
0.0
0.0
0.0
0.0
0.0
0.0
0.0
0.0
0.0
0.0
0.0
0.06416741758584976
0.0
0.06416741758584976
0.0
0.06416741758584976
