0.00020091139595024288
0.00010699021368054673
0.00012482191959861666
0.00012482191959861666
7.132680912036449e-05
7.608948362758383e-05
5.3495106840273365e-05
3.5663404560182244e-05
7.132680912036449e-05
9.392118954565376e-05
7.132680912036449e-05
7.132680912036449e-05
4.042607906740159e-05
5.825778134749271e-05
4.042607906740159e-05
0.0
5.3495106840273365e-05
3.5663404560182244e-05
1.7831702280091122e-05
3.5663404560182244e-05
9.037749987328425e-05
7.132680912036449e-05
4.042607906740159e-05
5.3495106840273365e-05
5.825778134749271e-05
4.042607906740159e-05
1.7831702280091122e-05
3.5663404560182244e-05
3.5663404560182244e-05
8.915851503843442e-05
7.132680912036449e-05
0.00013434726861305535
3.5663404560182244e-05
8.915851503843442e-05
3.5663404560182244e-05
3.5663404560182244e-05
5.3495106840273365e-05
5.3495106840273365e-05
0.00011175288818776608
0.0
1.7831702280091122e-05
0.0
7.132680912036449e-05
3.5663404560182244e-05
2.2594374968321063e-05
0.0001295845868298784
7.608948362758383e-05
3.5663404560182244e-05
7.132680912036449e-05
0.00010699021368054673
0.00012482191959861666
7.608948362758383e-05
3.5663404560182244e-05
2.7357047656551003e-05
0.00010699021368054673
7.132680912036449e-05
8.915851503843442e-05
3.5663404560182244e-05
5.3495106840273365e-05
3.5663404560182244e-05
7.132680912036449e-05
5.3495106840273365e-05
5.3495106840273365e-05
5.3495106840273365e-05
7.132680912036449e-05
0.00012482191959861666
0.00010699021368054673
0.00012482191959861666
4.042607906740159e-05
0.00011651556269498542
9.392118954565376e-05
0.00014265361824072897
3.5663404560182244e-05
0.00011175288818776608
0.00010699021368054673
7.608948362758383e-05
8.915851503843442e-05
8.915851503843442e-05
8.915851503843442e-05
0.00020091139595024288
0.00010699021368054673
0.0001474162854719907
0.00017831703007686883
0.00020091139595024288
0.00032573333010077477
0.00025440650642849505
0.00028530723648145795
0.0002187430945923552
0.00023657480778638273
0.0004470115527510643
0.00040182279190048575
0.0005147946649231017
0.0005005066632293165
0.000563527166377753
0.0008214772678911686
0.0011710240505635738
0.0011353606823831797
0.001908105448819697
0.003527360036969185
0.2757076323032379
