3311.32861328125
121.33112335205078
68.2487564086914
37.915977478027344
5.055463790893555
15.166390419006348
17.694122314453125
15.166390419006348
2.5277318954467773
2.5277318954467773
2.5277318954467773
7.583195209503174
7.583195209503174
5.055463790893555
5.055463790893555
0.0
0.0
5.055463790893555
5.055463790893555
0.0
5.055463790893555
2.5277318954467773
2.5277318954467773
2.5277318954467773
0.0
0.0
0.0
0.0
0.0
0.0
0.0
2.5277318954467773
0.0
2.5277318954467773
0.0
0.0
0.0
0.0
0.0
0.0
0.0
0.0
0.0
0.0
0.0
0.0
2.5277318954467773
0.0
0.0
0.0
0.0
0.0
0.0
0.0
2.5277318954467773
5.055463790893555
2.5277318954467773
2.5277318954467773
0.0
0.0
0.0
0.0
0.0
2.5277318954467773
0.0
0.0
0.0
0.0
0.0
2.5277318954467773
2.5277318954467773
0.0
0.0
0.0
0.0
2.5277318954467773
0.0
2.5277318954467773
0.0
2.5277318954467773
2.5277318954467773
0.0
0.0
0.0
0.0
0.0
0.0
2.5277318954467773
0.0
0.0
0.0
0.0
2.5277318954467773
0.0
5.055463790893555
0.0
2.5277318954467773
2.5277318954467773
5.055463790893555
2.5277318954467773
