41961.62890625
1142.6949462890625
432.1841735839844
188.43231201171875
169.41619873046875
117.5541000366211
91.623046875
74.33567810058594
58.77705001831055
43.21841812133789
46.6758918762207
20.744840621948242
20.744840621948242
20.744840621948242
29.388525009155273
25.93105125427246
15.55863094329834
20.744840621948242
10.372420310974121
17.28736686706543
19.016103744506836
5.1862101554870605
10.372420310974121
8.643683433532715
10.372420310974121
1.7287367582321167
8.643683433532715
12.101157188415527
6.914947032928467
8.643683433532715
8.643683433532715
6.914947032928467
5.1862101554870605
8.643683433532715
6.914947032928467
3.4574735164642334
3.4574735164642334
6.914947032928467
1.7287367582321167
1.7287367582321167
5.1862101554870605
3.4574735164642334
3.4574735164642334
1.7287367582321167
1.7287367582321167
0.0
1.7287367582321167
6.914947032928467
1.7287367582321167
3.4574735164642334
1.7287367582321167
3.4574735164642334
5.1862101554870605
3.4574735164642334
1.7287367582321167
3.4574735164642334
1.7287367582321167
3.4574735164642334
0.0
0.0
3.4574735164642334
0.0
3.4574735164642334
1.7287367582321167
3.4574735164642334
1.7287367582321167
0.0
3.4574735164642334
1.7287367582321167
1.7287367582321167
3.4574735164642334
1.7287367582321167
3.4574735164642334
5.1862101554870605
0.0
1.7287367582321167
1.7287367582321167
3.4574735164642334
1.7287367582321167
1.7287367582321167
3.4574735164642334
0.0
3.4574735164642334
3.4574735164642334
1.7287367582321167
0.0
3.4574735164642334
5.1862101554870605
1.7287367582321167
8.643683433532715
3.4574735164642334
5.1862101554870605
3.4574735164642334
0.0
1.7287367582321167
6.914947032928467
8.643683433532715
1.7287367582321167
6.914947032928467
12.101157188415527
