11073.7421875
120.24931335449219
32.51748275756836
30.884986877441406
28.74131202697754
26.686424255371094
24.764385223388672
22.97519874572754
21.31886100769043
19.795373916625977
18.404735565185547
17.146947860717773
16.02201271057129
15.029926300048828
14.170690536499023
13.444304466247559
12.850768089294434
12.390082359313965
12.062247276306152
11.847944259643555
11.660683631896973
11.476271629333496
11.294705390930176
11.115986824035645
10.94011402130127
10.767088890075684
10.59691047668457
10.42957878112793
10.265093803405762
10.103456497192383
9.94466495513916
9.78872013092041
9.635623931884766
9.485372543334961
9.337968826293945
9.193411827087402
9.051701545715332
8.91283893585205
8.776822090148926
8.64365291595459
8.513330459594727
8.38585376739502
8.261224746704102
8.139443397521973
8.020506858825684
7.9044189453125
7.7911763191223145
7.680781841278076
7.573233604431152
7.468532085418701
7.366677761077881
7.267670631408691
7.171509742736816
7.078195571899414
6.987728595733643
6.900108337402344
6.815334796905518
6.733408451080322
6.6543288230896
6.578095436096191
6.504709243774414
6.434169769287109
6.3664774894714355
6.301632404327393
6.239633560180664
6.180481433868408
6.124176502227783
6.070717811584473
6.020106315612793
5.972342014312744
5.927424430847168
5.885353088378906
5.846129417419434
5.809751987457275
5.77622127532959
5.745538234710693
5.717700958251953
5.692711353302002
5.670567989349365
5.651271820068359
5.634822368621826
5.621219635009766
5.610463619232178
5.602555274963379
5.5974931716918945
5.595277786254883
5.595909118652344
5.5993876457214355
5.605712890625
5.614885330200195
5.626903533935547
5.641769886016846
5.659482479095459
5.680041313171387
5.7034478187561035
5.729700565338135
5.758800506591797
5.79074764251709
5.825541019439697
5.8631815910339355
