190.27212524414062
5.391872406005859
2.596372365951538
1.61483895778656
0.4983799457550049
0.9151573181152344
0.7312562465667725
0.9815332293510437
0.06637591868638992
0.31665289402008057
0.7976321578025818
0.43200403451919556
0.06637591868638992
0.5005539059638977
0.0
0.36562812328338623
0.18390104174613953
0.0
0.0
0.36562812328338623
0.0
0.0
0.0
0.36562812328338623
0.36562812328338623
0.18390104174613953
0.0
0.18390104174613953
0.0
0.0
0.0
0.06637591868638992
0.4983799457550049
0.0
0.0
0.0
0.0
0.36562812328338623
0.0
0.06637591868638992
0.06637591868638992
0.4341779947280884
0.0
0.06637591868638992
0.0
0.0
0.0
0.0
0.36562812328338623
0.0
0.0
0.0
0.0
0.0
0.0
0.18390104174613953
0.0
0.0
0.18390104174613953
0.0
0.0
0.0
0.0
0.0
0.0
0.0
0.0
0.0
0.0
0.0
0.5495291948318481
0.36562812328338623
0.0
0.0
0.0
0.0
0.0
0.0
0.0
0.0
0.0
0.0
0.0
0.0
0.18390104174613953
0.0
0.0
0.0
0.0
0.0
0.0
0.06637591868638992
0.0
0.0
0.0
0.0
0.0
0.0
0.0
0.0
