0.00029083742992952466
0.00014789744454901665
0.00017867499263957143
0.00016080749628599733
0.00016080749628599733
8.933749631978571e-05
0.00016080749628599733
5.3602496336679906e-05
0.00014293999993242323
7.642743730684742e-05
1.7867499991552904e-05
5.3602496336679906e-05
9.925237100105733e-05
3.573499998310581e-05
3.573499998310581e-05
8.933749631978571e-05
5.3602496336679906e-05
5.3602496336679906e-05
1.7867499991552904e-05
8.933749631978571e-05
7.146999996621162e-05
3.573499998310581e-05
3.573499998310581e-05
3.573499998310581e-05
3.573499998310581e-05
2.778237649181392e-05
1.7867499991552904e-05
3.573499998310581e-05
3.573499998310581e-05
7.146999996621162e-05
3.573499998310581e-05
1.7867499991552904e-05
0.0
0.0
4.0692437323741615e-05
8.138487464748323e-05
5.3602496336679906e-05
8.933749631978571e-05
3.573499998310581e-05
3.573499998310581e-05
8.933749631978571e-05
7.642743730684742e-05
0.00016576494090259075
3.573499998310581e-05
3.573499998310581e-05
3.573499998310581e-05
5.3602496336679906e-05
3.573499998310581e-05
8.933749631978571e-05
5.3602496336679906e-05
1.7867499991552904e-05
0.00010720499267335981
5.3602496336679906e-05
3.573499998310581e-05
4.564987466437742e-05
8.634231198811904e-05
7.146999996621162e-05
0.0001250724890269339
7.146999996621162e-05
0.00010720499267335981
5.3602496336679906e-05
7.146999996621162e-05
7.642743730684742e-05
5.3602496336679906e-05
5.855993367731571e-05
5.3602496336679906e-05
5.3602496336679906e-05
0.00019654248899314553
0.00016576494090259075
9.925237100105733e-05
0.00010720499267335981
2.282493733218871e-05
0.00014293999993242323
0.00016080749628599733
9.429493366042152e-05
0.00018858986732084304
7.642743730684742e-05
0.00016576494090259075
0.00010720499267335981
0.00016080749628599733
0.00016080749628599733
0.00013994480832479894
0.00015781231923028827
0.00020645736367441714
0.00027296991902403533
0.00019354731193743646
0.00023227749625220895
0.00032357723102904856
0.00030870491173118353
0.0003672648745123297
0.0003900898154824972
0.0005459398380480707
0.00047147466102615
0.0007653072825632989
0.0007007569656707346
0.0009459445136599243
0.0013360343873500824
0.0018531588139012456
0.0036804976407438517
0.35110095143318176
