10860.87109375
388.34149169921875
157.3671417236328
71.06903076171875
43.14905548095703
76.1453857421875
30.458154678344727
22.843616485595703
48.22541427612305
22.843616485595703
25.38179588317871
12.690897941589355
12.690897941589355
15.229077339172363
20.305437088012695
10.152718544006348
17.767257690429688
15.229077339172363
10.152718544006348
5.076359272003174
10.152718544006348
10.152718544006348
2.538179636001587
12.690897941589355
5.076359272003174
7.614538669586182
5.076359272003174
10.152718544006348
2.538179636001587
5.076359272003174
5.076359272003174
7.614538669586182
2.538179636001587
0.0
2.538179636001587
2.538179636001587
2.538179636001587
7.614538669586182
10.152718544006348
10.152718544006348
5.076359272003174
0.0
10.152718544006348
5.076359272003174
2.538179636001587
2.538179636001587
7.614538669586182
7.614538669586182
10.152718544006348
0.0
0.0
0.0
0.0
0.0
7.614538669586182
0.0
0.0
0.0
0.0
0.0
0.0
0.0
2.538179636001587
2.538179636001587
2.538179636001587
0.0
0.0
0.0
0.0
2.538179636001587
5.076359272003174
0.0
2.538179636001587
5.076359272003174
2.538179636001587
5.076359272003174
0.0
0.0
0.0
2.538179636001587
0.0
0.0
2.538179636001587
2.538179636001587
5.076359272003174
2.538179636001587
2.538179636001587
0.0
0.0
7.614538669586182
2.538179636001587
2.538179636001587
0.0
0.0
0.0
7.614538669586182
0.0
2.538179636001587
7.614538669586182
38.07269287109375
