184508.484375
4548.83203125
1717.397705078125
932.3015747070312
606.99560546875
427.0777282714844
345.296875
230.8037109375
185.36990356445312
156.2922821044922
134.4840545654297
96.31965637207031
109.04112243652344
94.50230407714844
78.1461410522461
76.32878875732422
67.24202728271484
69.05937957763672
50.88585662841797
49.068504333496094
54.52056121826172
47.25115203857422
38.16439437866211
32.712337493896484
50.88585662841797
32.712337493896484
25.442928314208984
16.356168746948242
29.077632904052734
12.721464157104492
18.173521041870117
18.173521041870117
14.538816452026367
32.712337493896484
21.808223724365234
19.99087142944336
25.442928314208984
12.721464157104492
19.99087142944336
18.173521041870117
19.99087142944336
19.99087142944336
9.086760520935059
12.721464157104492
21.808223724365234
18.173521041870117
9.086760520935059
10.904111862182617
10.904111862182617
18.173521041870117
10.904111862182617
16.356168746948242
9.086760520935059
14.538816452026367
5.452055931091309
7.269408226013184
5.452055931091309
7.269408226013184
10.904111862182617
5.452055931091309
12.721464157104492
7.269408226013184
12.721464157104492
10.904111862182617
16.356168746948242
5.452055931091309
7.269408226013184
10.904111862182617
9.086760520935059
1.817352056503296
5.452055931091309
14.538816452026367
16.356168746948242
12.721464157104492
0.0
7.269408226013184
3.634704113006592
5.452055931091309
9.086760520935059
5.452055931091309
9.086760520935059
7.269408226013184
7.269408226013184
9.086760520935059
7.269408226013184
9.086760520935059
5.452055931091309
9.086760520935059
5.452055931091309
3.634704113006592
7.269408226013184
9.086760520935059
16.356168746948242
14.538816452026367
14.538816452026367
7.269408226013184
18.173521041870117
10.904111862182617
10.904111862182617
29.077632904052734
