8905.068359375
476.8147888183594
312.4050598144531
160.3233184814453
52.25100326538086
220.0301055908203
205.57461547851562
128.5690460205078
78.41575622558594
55.17795181274414
47.155670166015625
40.66988754272461
34.944679260253906
29.980043411254883
25.775978088378906
22.332487106323242
19.649568557739258
17.727222442626953
16.565448760986328
16.052162170410156
15.68554401397705
15.325217247009277
14.971173286437988
14.6234130859375
14.281936645507812
13.946743965148926
13.617834091186523
13.295208930969238
12.978866577148438
12.668807983398438
12.365033149719238
12.06754207611084
11.776333808898926
11.491410255432129
11.212769508361816
10.940412521362305
10.674339294433594
10.414548873901367
10.161043167114258
9.913820266723633
9.672881126403809
9.438225746154785
9.209854125976562
8.98776626586914
8.77196216583252
8.562439918518066
8.359203338623047
8.162249565124512
7.971579074859619
7.787192344665527
7.609089374542236
7.437270164489746
7.27173376083374
7.112481594085693
6.959513187408447
6.8128275871276855
6.672426223754883
6.538308620452881
6.410473823547363
6.288923740386963
6.173655986785889
6.064672470092773
5.961972713470459
5.865556240081787
5.775423526763916
5.6915740966796875
5.61400842666626
5.542726516723633
5.477728366851807
5.419013500213623
5.36658239364624
5.3204345703125
5.2805705070495605
5.246989727020264
5.219693183898926
5.1986799240112305
5.183949947357178
5.175503730773926
5.173341751098633
5.177462577819824
5.187867164611816
5.204555511474609
5.227527618408203
5.2567830085754395
5.292322158813477
5.334144592285156
5.382251262664795
5.436640739440918
5.497313976287842
5.564271450042725
5.637511730194092
5.717036247253418
5.802844047546387
5.894935131072998
5.99330997467041
6.097968578338623
6.208910942077637
6.326136589050293
6.44964599609375
6.57943868637085
