116332.64572143555
33794.24649810791
14946.793704986572
7184.112756729126
5858.056746482849
1655.3505005836487
5482.900684356689
4195.588349819183
3535.1332201957703
1627.3207004070282
3531.900196313858
22.936007738113403
2567.243177175522
976.9919235706329
14.439017534255981
12.204448699951172
1928.120543718338
331.55708169937134
10.619037985801697
970.9618761539459
1287.3116618394852
6.599250644445419
8.135075956583023
968.4771815538406
10.175704717636108
7.722843736410141
8.30906668305397
323.5663606226444
4.657060921192169
6.49861478805542
2.6963866651058197
9.47036075592041
6.548932731151581
5.256633549928665
5.731068283319473
4.082722306251526
5.518643736839294
321.86842922866344
962.958537966013
3.920615941286087
5.731068283319473
5.306951522827148
3.2337566316127777
5.437956616282463
324.1222148835659
2.9406450241804123
3.689707025885582
1.979158490896225
2.4846945703029633
5.76216983795166
1.6979314982891083
3.8207121193408966
3.7081913352012634
2.5468973219394684
1.4544056057929993
2.6971191465854645
3.102751523256302
5.17521408200264
2.303371340036392
2.303371340036392
0.13100509345531464
6.792458802461624
1.0613903105258942
4.407667621970177
639.9657318890095
2.6283167749643326
2.72822043299675
3.446181148290634
4.064237967133522
3.9332328736782074
322.61749114096165
0.817864403128624
4.538672715425491
2.3847908079624176
4.082722306251526
2.8407413363456726
0.817864403128624
1.5358250588178635
4.164141744375229
0.8489657491445541
4.307764053344727
3.5587019324302673
321.05056485533714
320.1889819800854
2.4662102460861206
0.4744347482919693
3.8207121193408966
2.759321868419647
1.979158490896225
3.789610832929611
962.1406735777855
2.5972153395414352
5.4187401831150055
2.141264885663986
323.0919258892536
4.457253247499466
3.7081913352012634
4.538672715425491
968.6274035573006
360.95708334445953
