1370.885986328125
589.591064453125
283.7065734863281
196.90591430664062
130.5504150390625
79.45398712158203
43.61663818359375
23.038368225097656
16.87157440185547
16.167255401611328
15.55416488647461
14.95923900604248
14.382477760314941
13.82387924194336
13.283445358276367
12.761176109313965
12.25706958770752
11.77112865447998
11.303349494934082
10.85373592376709
10.422286033630371
10.00899887084961
9.613876342773438
9.236918449401855
8.878125190734863
8.537494659423828
8.215027809143066
7.910725116729736
7.624575614929199
7.353612899780273
7.090814590454102
6.835165500640869
6.586665153503418
6.345314025878906
6.111111164093018
5.884057998657227
5.664153575897217
5.451397895812988
5.245791435241699
5.047333717346191
4.856025218963623
4.671864986419678
4.49485445022583
4.324992656707764
4.1622796058654785
4.006715774536133
3.8583009243011475
3.7170352935791016
3.5829179286956787
3.4559500217437744
3.3361308574676514
3.2234606742858887
3.1179394721984863
3.0195672512054443
2.9283440113067627
2.8442697525024414
2.7673442363739014
2.6975677013397217
2.6349401473999023
2.5794618129730225
2.531132221221924
2.4899513721466064
2.4559199810028076
2.429037094116211
2.4093034267425537
2.396718740463257
2.391282796859741
2.392995834350586
2.40185809135437
2.4178688526153564
2.4410288333892822
2.4713377952575684
2.508795738220215
2.5534024238586426
2.6051583290100098
2.6640632152557373
2.730116844177246
2.8033194541931152
2.8836710453033447
2.9711718559265137
3.0658211708068848
3.1676197052001953
3.276567220687866
3.3926634788513184
3.51590895652771
3.646303176879883
3.783846616744995
3.9285385608673096
4.080379962921143
4.239369869232178
4.405508995056152
4.578797340393066
4.7592339515686035
4.946820259094238
5.141554832458496
5.343438625335693
5.55247163772583
5.768653392791748
5.9919843673706055
6.222463607788086
