10.321998596191406
16.10935401916504
15.8222017288208
20.998550415039062
17.442623138427734
15.06323528289795
16.38334846496582
19.256481170654297
17.088069915771484
14.569490432739258
19.247709274291992
14.16069221496582
18.55614471435547
17.9993839263916
12.9666109085083
14.012730598449707
12.418622016906738
12.836193084716797
11.709514617919922
13.173203468322754
16.113739013671875
13.532143592834473
14.376054763793945
10.595993041992188
16.392118453979492
14.987061500549316
14.376054763793945
12.768790245056152
14.57387638092041
13.177589416503906
15.69178295135498
14.995832443237305
14.924044609069824
15.413403511047363
13.52775764465332
15.97454833984375
14.861028671264648
17.649215698242188
16.540081024169922
12.418622016906738
17.931982040405273
14.232479095458984
13.249377250671387
17.433853149414062
15.282983779907227
17.994998931884766
19.813241958618164
15.763570785522461
16.603097915649414
18.129802703857422
16.674884796142578
21.838077545166016
18.497512817382812
18.838911056518555
20.019834518432617
19.458688735961914
17.918827056884766
21.63587188720703
23.867298126220703
19.112905502319336
20.859359741210938
23.019001007080078
22.892967224121094
19.943660736083984
19.876258850097656
23.871685028076172
23.656320571899414
26.929481506347656
33.093318939208984
25.322216033935547
27.984371185302734
29.439289093017578
31.35124969482422
30.489795684814453
31.472896575927734
34.683040618896484
32.6538200378418
36.22728729248047
43.985233306884766
43.49587631225586
49.19828796386719
46.468727111816406
52.821617126464844
54.30284881591797
54.91385269165039
68.52655792236328
74.61421966552734
78.38551330566406
78.86170959472656
87.02406311035156
112.44438934326172
119.91517639160156
143.91290283203125
162.98910522460938
190.74334716796875
232.794677734375
326.4659423828125
463.7371826171875
859.4766235351562
10473.9072265625
