23907.009765625
12708.7119140625
6967.9609375
4262.78759765625
2923.4755859375
1926.366943359375
1598.9140625
1247.8609619140625
1064.9593505859375
826.0072631835938
710.9562377929688
625.405517578125
545.7547607421875
445.45391845703125
492.6543273925781
374.6532897949219
306.8027038574219
398.2535095214844
315.65277099609375
300.90264892578125
194.7017059326172
212.40187072753906
259.6022644042969
185.8516387939453
177.00155639648438
144.55126953125
150.45132446289062
159.3013916015625
159.3013916015625
132.75115966796875
135.70118713378906
123.90108489990234
126.85111236572266
97.3508529663086
126.85111236572266
100.3008804321289
135.70118713378906
109.15095520019531
109.15095520019531
123.90108489990234
73.75064849853516
129.80113220214844
82.60072326660156
82.60072326660156
59.000518798828125
76.70067596435547
112.10098266601562
59.000518798828125
67.85059356689453
103.25090789794922
64.90056610107422
79.65069580078125
97.3508529663086
82.60072326660156
61.95054244995117
47.20041275024414
85.55075073242188
67.85059356689453
67.85059356689453
70.80062103271484
67.85059356689453
67.85059356689453
50.15044021606445
50.15044021606445
64.90056610107422
47.20041275024414
70.80062103271484
50.15044021606445
61.95054244995117
67.85059356689453
53.100467681884766
50.15044021606445
50.15044021606445
59.000518798828125
29.500259399414062
56.05049133300781
17.70015525817871
64.90056610107422
44.250389099121094
70.80062103271484
38.350337982177734
59.000518798828125
41.30036163330078
53.100467681884766
53.100467681884766
44.250389099121094
67.85059356689453
73.75064849853516
41.30036163330078
64.90056610107422
67.85059356689453
91.4508056640625
76.70067596435547
79.65069580078125
70.80062103271484
88.50077819824219
85.55075073242188
123.90108489990234
129.80113220214844
560.5049438476562
