23151.802734375
12617.2607421875
7174.462890625
4395.53857421875
3047.376708984375
1955.8671875
1637.264404296875
1280.311279296875
1115.1097412109375
902.7079467773438
708.0062255859375
649.0056762695312
557.5548706054688
504.4544372558594
445.45391845703125
362.8531799316406
368.75323486328125
368.75323486328125
306.8027038574219
336.3029479980469
212.40187072753906
227.15199279785156
215.3518829345703
191.75167846679688
194.7017059326172
147.5012969970703
197.6517333984375
126.85111236572266
153.40135192871094
174.05152893066406
123.90108489990234
132.75115966796875
112.10098266601562
129.80113220214844
123.90108489990234
91.4508056640625
126.85111236572266
115.05101013183594
118.00103759765625
94.40082550048828
103.25090789794922
118.00103759765625
76.70067596435547
82.60072326660156
85.55075073242188
70.80062103271484
76.70067596435547
88.50077819824219
88.50077819824219
76.70067596435547
85.55075073242188
82.60072326660156
53.100467681884766
79.65069580078125
79.65069580078125
73.75064849853516
61.95054244995117
88.50077819824219
76.70067596435547
56.05049133300781
59.000518798828125
56.05049133300781
70.80062103271484
56.05049133300781
67.85059356689453
44.250389099121094
50.15044021606445
50.15044021606445
70.80062103271484
67.85059356689453
50.15044021606445
44.250389099121094
61.95054244995117
53.100467681884766
35.40031051635742
44.250389099121094
53.100467681884766
47.20041275024414
64.90056610107422
44.250389099121094
47.20041275024414
59.000518798828125
50.15044021606445
41.30036163330078
59.000518798828125
56.05049133300781
41.30036163330078
79.65069580078125
59.000518798828125
64.90056610107422
64.90056610107422
79.65069580078125
85.55075073242188
79.65069580078125
61.95054244995117
82.60072326660156
97.3508529663086
112.10098266601562
141.6012420654297
539.854736328125
