116100.5859375
72615.84375
46972.1640625
31512.0
21775.08203125
16336.2890625
12439.2470703125
9856.388671875
8050.095703125
6647.72900390625
5464.3935546875
4872.7255859375
4272.5244140625
3794.638671875
3020.919189453125
2887.22509765625
2588.546630859375
2346.75927734375
2210.220703125
2039.5472412109375
1792.07080078125
1655.531982421875
1547.4388427734375
1476.324951171875
1348.3199462890625
1331.2525634765625
1157.734619140625
1140.667236328125
1109.3770751953125
1024.0404052734375
947.2374267578125
904.5690307617188
887.501708984375
856.2116088867188
805.0095825195312
810.6986694335938
625.802490234375
657.0925903320312
640.0252685546875
583.1341552734375
534.7766723632812
611.5797119140625
529.0875854492188
514.86474609375
503.4865417480469
492.1083068847656
460.8182067871094
423.8389587402344
497.79742431640625
483.57464599609375
432.37261962890625
403.92706298828125
509.1756591796875
406.7716064453125
403.92706298828125
392.548828125
372.6369323730469
284.4556884765625
358.4141540527344
335.6576843261719
364.103271484375
315.74578857421875
292.9893493652344
321.4349060058594
347.0359191894531
241.78732299804688
298.678466796875
310.0566711425781
341.3468017578125
270.2328796386719
241.78732299804688
270.2328796386719
295.8338928222656
318.5903625488281
275.9219970703125
298.678466796875
244.6318817138672
261.69921875
224.71998596191406
321.4349060058594
250.3209991455078
287.30023193359375
244.6318817138672
216.18630981445312
233.25364685058594
258.85467529296875
256.0101013183594
236.09820556640625
295.8338928222656
258.85467529296875
256.0101013183594
287.30023193359375
301.52301025390625
329.9685974121094
315.74578857421875
443.7508544921875
392.548828125
452.2845153808594
540.4657592773438
1322.7188720703125
