105834.796875
37754.890625
13823.091796875
9802.966796875
6912.640625
4661.75439453125
3050.307861328125
2078.30126953125
1710.5220947265625
1575.194580078125
1449.1768798828125
1329.433349609375
1215.964111328125
1108.7691650390625
1007.8485717773438
913.2021484375
824.830078125
742.7322387695312
666.9087524414062
597.3594360351562
534.08447265625
477.083740234375
426.3572998046875
381.9051513671875
343.727294921875
311.8236999511719
286.1943664550781
266.8393249511719
253.7527618408203
245.29995727539062
237.61228942871094
230.1301727294922
222.8536376953125
215.7826690673828
208.9172821044922
202.2574462890625
195.80319213867188
189.55450439453125
183.51138305664062
177.673828125
172.04183959960938
166.6154022216797
161.39456176757812
156.37928771972656
151.569580078125
146.96543884277344
142.5668487548828
138.3738555908203
134.38641357421875
130.6045379638672
127.02825164794922
123.65751647949219
120.49234771728516
117.53275299072266
114.77873229980469
112.23027801513672
109.88739013671875
107.75006866455078
105.81831359863281
104.09213256835938
102.57151794433594
101.25647735595703
100.14700317382812
99.24309539794922
98.54475402832031
98.05198669433594
97.76477813720703
97.68315124511719
97.80709075927734
98.13658905029297
98.67166137695312
99.41230773925781
100.35851287841797
101.51029968261719
102.86763763427734
104.43055725097656
106.19904327392578
108.173095703125
110.35272216796875
112.73790740966797
115.32866668701172
118.12499237060547
121.12689208984375
124.33435821533203
127.74739074707031
131.36599731445312
135.19015502929688
139.2198944091797
143.4552001953125
147.89608764648438
152.5425262451172
157.39454650878906
162.45213317871094
167.7152862548828
173.1840057373047
178.85829162597656
184.73814392089844
190.82357788085938
197.11456298828125
203.6111297607422
