187167.26794433594
11990.757112503052
2944.0283699035645
4514.442780017853
996.3900599479675
1306.477425813675
337.6072279214859
336.61390829086304
7.6791253089904785
8.459288597106934
11.04388689994812
9.519946336746216
328.2863568663597
5.64964884519577
3.920615941286087
4.363216876983643
2.677902400493622
5.912391275167465
4.376566335558891
3.3462773710489273
1.5543093085289001
2.5468973219394684
7.410515576601028
3.477282464504242
2.041361153125763
323.273249194026
3.5587019324302673
2.497311681509018
2.759321868419647
1.435921311378479
320.644932448864
1.9103560596704483
0.7179606556892395
319.27121382951736
2.253785714507103
1.5358250588178635
4.345464989542961
3.0028477162122726
3.3151760548353195
0.0
2.497311681509018
1.7793509662151337
1.3234004974365234
2.253785714507103
0.7179606556892395
0.9799708425998688
0.4744347482919693
0.0
0.8489657491445541
0.2620101869106293
0.0
1.0613903105258942
0.7179606556892395
0.13100509345531464
1.7793509662151337
0.34342965483665466
1.4048199653625488
2.1538820266723633
0.2620101869106293
0.34342965483665466
3.5587019324302673
958.6633911132812
2.253785714507103
0.7179606556892395
0.4744347482919693
318.8966828286648
1.241981029510498
2.1538820266723633
0.7179606556892395
0.8489657491445541
0.0
1.5358250588178635
0.0
0.13100509345531464
0.4744347482919693
0.7179606556892395
1.0613903105258942
2.4662102460861206
1.9103560596704483
0.13100509345531464
0.0
0.4744347482919693
3.3462773710489273
1.435921311378479
958.7943962067366
1.0613903105258942
0.0
1.0613903105258942
0.2620101869106293
2.3847908079624176
0.13100509345531464
2.9717464298009872
321.4250957965851
0.6054398417472839
3.3462773710489273
3.5587019324302673
2.4662102460861206
2.5972153395414352
3.184170961380005
21.227074146270752
