2545.364501953125
225.2639923095703
118.11279296875
62.01633834838867
27.997825622558594
15.561090469360352
13.97421646118164
12.87004566192627
11.825382232666016
10.840226173400879
9.914579391479492
9.048439025878906
8.241806030273438
7.494681358337402
6.807064533233643
6.178955078125
5.610353469848633
5.101258754730225
4.65167236328125
4.261593818664551
3.9310224056243896
3.659959077835083
3.4484033584594727
3.2945590019226074
3.168830633163452
3.046959638595581
2.9282302856445312
2.812642812728882
2.700197219848633
2.590893507003784
2.484731435775757
2.38171124458313
2.281832695007324
2.18509578704834
2.091500997543335
2.0010478496551514
1.9137364625930786
1.8295668363571167
1.7485392093658447
1.6706531047821045
1.5959088802337646
1.5243064165115356
1.4558457136154175
1.3905268907546997
1.3283498287200928
1.2693145275115967
1.2134209871292114
1.1606693267822266
1.111059308052063
1.0645910501480103
1.021264672279358
0.9810801148414612
0.9440373182296753
0.9101362824440002
0.8793770670890808
0.8517595529556274
0.8272838592529297
0.8059500455856323
0.7877578735351562
0.7727075815200806
0.7607990503311157
0.7520322799682617
0.7464073300361633
0.7439241409301758
0.7445827722549438
0.748383104801178
0.7553253173828125
0.7654092311859131
0.7786349654197693
0.7950025200843811
0.814511775970459
0.8371628522872925
0.8629557490348816
0.8918904066085815
0.9239668846130371
0.9591850638389587
0.9975451231002808
1.0390468835830688
1.0836905241012573
1.1314759254455566
1.1824029684066772
1.2364718914031982
1.2936826944351196
1.3540351390838623
1.4175293445587158
1.4841654300689697
1.553943395614624
1.6268630027770996
1.7029244899749756
1.7821276187896729
1.8644726276397705
1.949959397315979
2.038588047027588
2.1303582191467285
2.2252705097198486
2.32332444190979
2.4245200157165527
2.528857469558716
2.6363368034362793
2.746957778930664
