0.10858708899468184
0.07607016386464238
0.08012500172480941
0.0700828495901078
0.06071091862395406
0.04382133251056075
0.04341919289436191
0.028193994192406535
0.04062660352792591
0.04062660352792591
0.05040067003574222
0.04368728585541248
0.04422347154468298
0.021212518913671374
0.03837019810453057
0.03683985723182559
0.025267358287237585
0.02540140296332538
0.053863488137722015
0.03530951589345932
0.019682177691720426
0.03391321934759617
0.022742860019207
0.039498401805758476
0.045351673383265734
0.04215694474987686
0.017023633001372218
0.034047266002744436
0.032248833565972745
0.031120629981160164
0.03670580871403217
0.02540140296332538
0.03391321934759617
0.040760650066658854
0.03530951589345932
0.033779174787923694
0.028193994192406535
0.022608813596889377
0.026663652970455587
0.032516924664378166
0.026663652970455587
0.02540140296332538
0.029322195798158646
0.032516924664378166
0.0336451263865456
0.03391321934759617
0.026663652970455587
0.041028743144124746
0.046882014721632004
0.03098658355884254
0.03769996762275696
0.03796806070022285
0.026797699509188533
0.03530951589345932
0.0350414247950539
0.057650236412882805
0.03936435538344085
0.04202289821114391
0.04215694474987686
0.04621178226079792
0.03823615005239844
0.03823615005239844
0.05286933295428753
0.05219910433515906
0.05219910433515906
0.05638798838481307
0.05499169370159507
0.05273528676480055
0.05791832925751805
0.04647987522184849
0.05638798838481307
0.05413158144801855
0.06250935327261686
0.07341161742806435
0.054723600624129176
0.07494195830076933
0.08291759109124541
0.08458198234438896
0.0914294091053307
0.10020932089537382
0.07800264097750187
0.08944109827280045
0.11277597676962614
0.12069577537477016
0.1562733817845583
0.11597070097923279
0.13844547420740128
0.1726267896592617
0.16438305750489235
0.19590583443641663
0.2141917124390602
0.2395149078220129
0.2791473437100649
0.34538762271404266
0.3951962739229202
0.5082403421401978
0.7283969521522522
1.0450544357299805
1.9549027979373932
89.37456512451172
