53341.80859375
5745.8134765625
2366.51318359375
1170.7220458984375
839.8113403320312
631.7386474609375
516.4212646484375
350.9659118652344
293.3072509765625
258.21063232421875
193.03126525878906
172.97605895996094
172.97605895996094
147.90707397460938
145.40016174316406
120.3311767578125
125.344970703125
97.76908111572266
87.7414779663086
57.658687591552734
70.19318389892578
42.61729049682617
77.71388244628906
80.22077941894531
50.13798904418945
47.63108825683594
50.13798904418945
37.603492736816406
55.15178680419922
37.603492736816406
72.70008087158203
42.61729049682617
55.15178680419922
47.63108825683594
40.110389709472656
35.09659194946289
32.589691162109375
47.63108825683594
32.589691162109375
40.110389709472656
47.63108825683594
50.13798904418945
10.027597427368164
32.589691162109375
32.589691162109375
25.068994522094727
40.110389709472656
20.055194854736328
17.548295974731445
32.589691162109375
30.082794189453125
15.041397094726562
15.041397094726562
20.055194854736328
45.12419128417969
10.027597427368164
22.562095642089844
20.055194854736328
22.562095642089844
27.57589340209961
20.055194854736328
22.562095642089844
15.041397094726562
12.534497261047363
15.041397094726562
22.562095642089844
17.548295974731445
22.562095642089844
17.548295974731445
12.534497261047363
7.520698547363281
20.055194854736328
22.562095642089844
15.041397094726562
10.027597427368164
15.041397094726562
10.027597427368164
20.055194854736328
30.082794189453125
25.068994522094727
30.082794189453125
30.082794189453125
25.068994522094727
27.57589340209961
20.055194854736328
27.57589340209961
10.027597427368164
17.548295974731445
17.548295974731445
20.055194854736328
30.082794189453125
17.548295974731445
25.068994522094727
12.534497261047363
25.068994522094727
20.055194854736328
45.12419128417969
70.19318389892578
57.658687591552734
243.16925048828125
