54519.4296875
5162.54541015625
2141.71875
1082.6595458984375
831.9072875976562
575.2550659179688
495.6043395996094
318.602783203125
262.55230712890625
253.7022247314453
188.80165100097656
188.80165100097656
191.75167846679688
115.05101013183594
138.65121459960938
106.20093536376953
97.3508529663086
109.15095520019531
85.55075073242188
64.90056610107422
64.90056610107422
56.05049133300781
59.000518798828125
67.85059356689453
53.100467681884766
44.250389099121094
56.05049133300781
50.15044021606445
56.05049133300781
38.350337982177734
35.40031051635742
38.350337982177734
44.250389099121094
44.250389099121094
47.20041275024414
38.350337982177734
32.45028305053711
44.250389099121094
35.40031051635742
20.65018081665039
53.100467681884766
20.65018081665039
20.65018081665039
56.05049133300781
17.70015525817871
29.500259399414062
26.550233840942383
17.70015525817871
38.350337982177734
17.70015525817871
11.800103187561035
20.65018081665039
14.750129699707031
29.500259399414062
32.45028305053711
38.350337982177734
20.65018081665039
38.350337982177734
20.65018081665039
14.750129699707031
5.900051593780518
17.70015525817871
11.800103187561035
26.550233840942383
8.850077629089355
11.800103187561035
23.60020637512207
20.65018081665039
14.750129699707031
17.70015525817871
11.800103187561035
20.65018081665039
2.950025796890259
11.800103187561035
11.800103187561035
23.60020637512207
11.800103187561035
2.950025796890259
32.45028305053711
38.350337982177734
32.45028305053711
20.65018081665039
29.500259399414062
14.750129699707031
32.45028305053711
29.500259399414062
11.800103187561035
11.800103187561035
17.70015525817871
17.70015525817871
32.45028305053711
26.550233840942383
17.70015525817871
11.800103187561035
17.70015525817871
23.60020637512207
32.45028305053711
79.65069580078125
53.100467681884766
256.6522521972656
