306128.34375
46041.99609375
17778.48046875
9859.2333984375
6343.361328125
4374.92822265625
3197.28173828125
2471.919921875
2090.749267578125
1570.1953125
1294.2733154296875
1200.4029541015625
1009.817626953125
933.0145874023438
773.7194213867188
694.0718383789062
668.4708251953125
480.7301025390625
489.2637634277344
492.1083068847656
463.6627502441406
375.4814758300781
415.3052978515625
361.2586975097656
301.52301025390625
347.0359191894531
295.8338928222656
307.2121276855469
244.6318817138672
264.5437927246094
250.3209991455078
190.58529663085938
253.16555786132812
199.1189727783203
204.80809020996094
179.2070770263672
156.45062255859375
179.2070770263672
173.51795959472656
167.82884216308594
110.93771362304688
139.38328552246094
150.76150512695312
110.93771362304688
147.9169464111328
102.40404510498047
130.849609375
136.53872680664062
110.93771362304688
68.26936340332031
88.18125915527344
105.24859619140625
96.71492767333984
93.87036895751953
79.64759063720703
116.62682342529297
96.71492767333984
96.71492767333984
73.9584732055664
113.78227233886719
99.55948638916016
93.87036895751953
110.93771362304688
59.73569107055664
71.11392211914062
88.18125915527344
62.58024978637695
105.24859619140625
93.87036895751953
91.02581787109375
73.9584732055664
82.49214935302734
85.33670043945312
71.11392211914062
113.78227233886719
68.26936340332031
116.62682342529297
73.9584732055664
71.11392211914062
42.66835021972656
71.11392211914062
68.26936340332031
91.02581787109375
62.58024978637695
59.73569107055664
71.11392211914062
73.9584732055664
96.71492767333984
91.02581787109375
76.80303192138672
59.73569107055664
59.73569107055664
65.4248046875
82.49214935302734
105.24859619140625
82.49214935302734
99.55948638916016
119.47138214111328
201.96353149414062
384.0151672363281
