170670.953125
22914.876953125
2059.257568359375
1383.9327392578125
1181.8961181640625
1010.9940185546875
871.2268676757812
762.5944213867188
683.5560302734375
617.8447875976562
555.6969604492188
496.9799499511719
441.6935729980469
389.837890625
341.4129333496094
296.4186706542969
254.8551025390625
216.72225952148438
182.0200958251953
150.74864196777344
122.90789794921875
98.49784851074219
77.51849365234375
59.9698486328125
45.851905822753906
35.16465759277344
27.90811538696289
24.082275390625
23.68379783630371
25.77313804626465
28.12681007385254
30.423206329345703
32.662322998046875
34.84416198730469
36.968727111816406
39.036006927490234
41.046016693115234
42.99874496459961
44.89419937133789
46.73237228393555
48.513267517089844
50.23688507080078
51.90322494506836
53.51228713989258
55.06407165527344
56.55857849121094
57.99580764770508
59.375762939453125
60.69843292236328
61.963829040527344
63.17195129394531
64.32278442382812
65.4163589477539
66.45263671875
67.43164825439453
68.3533706665039
69.21782684326172
70.0250015258789
70.77489471435547
71.46752166748047
72.10285949707031
72.68091583251953
73.20170593261719
73.66521453857422
74.07144927978516
74.42040252685547
74.71207427978516
74.94647216796875
75.12358856201172
75.2434310913086
75.30599212646484
75.311279296875
75.25928497314453
75.1500244140625
74.98347473144531
74.7596435546875
74.4785385131836
74.14016723632812
73.7445068359375
73.29157257080078
72.78135681152344
72.2138671875
71.58909606933594
70.90705108642578
70.167724609375
69.37112426757812
68.51724243164062
67.60608673095703
66.63764953613281
65.6119384765625
64.52894592285156
63.38867950439453
62.191131591796875
60.936309814453125
59.62420654296875
58.254825592041016
56.82817077636719
55.344234466552734
53.80302429199219
52.204532623291016
