145.49339294433594
2.721172332763672
1.7860738039016724
0.8646817803382874
0.4155098497867584
0.4796772599220276
0.3575916886329651
0.12833483517169952
0.06416741758584976
0.0
0.35134243965148926
0.12833483517169952
0.06416741758584976
0.35134243965148926
0.2429632544517517
0.0
0.35134243965148926
0.0
0.06416741758584976
0.35134243965148926
0.06416741758584976
0.0
0.0
0.0
0.06416741758584976
0.0
0.0
0.06416741758584976
0.0
0.0
0.06416741758584976
0.0
0.0
0.17879584431648254
0.0
0.0
0.0
0.0
0.0
0.0
0.0
0.0
0.0
0.0
0.0
0.0
0.0
0.0
0.0
0.0
0.0
0.0
0.0
0.06416741758584976
0.0
0.0
0.0
0.0
0.17879584431648254
0.0
0.0
0.0
0.0
0.0
0.0
0.0
0.0
0.0
0.0
0.0
0.0
0.0
0.0
0.0
0.0
0.0
0.0
0.0
0.0
0.0
0.0
0.0
0.0
0.0
0.0
0.0
0.0
0.0
0.0
0.0
0.0
0.0
0.0
0.0
0.0
0.0
0.06416741758584976
0.06416741758584976
0.0
0.06416741758584976
