0.0006777860107831657
0.00047330016968771815
0.00033889300539158285
0.00029047971474938095
0.00021244343952275813
0.00024206643865909427
0.00019365314801689237
0.00019365314801689237
0.00026085673016496
9.682657400844619e-05
0.00030926999170333147
0.00048413287731818855
0.00026085673016496
0.00029047971474938095
0.00029047971474938095
0.00014523985737469047
0.00014523985737469047
0.00011561685823835433
0.00019365314801689237
0.00011561685823835433
0.00030926999170333147
0.00011561685823835433
9.682657400844619e-05
0.00024206643865909427
9.682657400844619e-05
9.682657400844619e-05
0.00014523985737469047
0.00014523985737469047
0.00029047971474938095
0.00018282042583450675
0.00029047971474938095
0.00021244343952275813
0.0
0.00024206643865909427
0.00014523985737469047
9.682657400844619e-05
0.00016403014888055623
9.682657400844619e-05
0.00014523985737469047
0.00021244343952275813
0.00019365314801689237
0.00024206643865909427
0.00024206643865909427
0.00040609657298773527
0.00019365314801689237
0.00019365314801689237
4.8413287004223093e-05
0.00014523985737469047
0.00033889300539158285
0.00037647358840331435
0.00030926999170333147
0.00014523985737469047
0.00014523985737469047
0.00023123371647670865
4.8413287004223093e-05
0.00019365314801689237
9.682657400844619e-05
0.00029047971474938095
0.00019365314801689237
0.00019365314801689237
0.0002984372840728611
0.00030926999170333147
1.879028422990814e-05
0.00021244343952275813
0.000551336444914341
0.00030926999170333147
0.00021244343952275813
0.00042488687904551625
0.00038730629603378475
0.00042488687904551625
0.00040609657298773527
0.00026085673016496
0.00030926999170333147
0.00033889300539158285
0.0006293727201409638
0.00048413287731818855
0.00045450986362993717
0.00048413287731818855
0.00035768328234553337
0.00029047971474938095
0.0006777860107831657
0.00037647358840331435
0.0005809594294987619
0.0005809594294987619
0.0009574330179020762
0.0005592940142378211
0.0005029231542721391
0.0008606064366176724
0.0012558703310787678
0.0011510861804708838
0.0013823198387399316
0.0012479127617552876
0.0017024226253852248
0.0022024705540388823
0.0022024705540388823
0.003391137346625328
0.0048247454687952995
0.005730890203267336
0.012400423176586628
0.8880047798156738
