3202.63623046875
176.94122314453125
55.61009979248047
55.61009979248047
22.74958610534668
15.166390419006348
20.22185516357422
10.11092758178711
5.055463790893555
10.11092758178711
10.11092758178711
7.583195209503174
10.11092758178711
5.055463790893555
0.0
2.5277318954467773
0.0
0.0
5.055463790893555
5.055463790893555
2.5277318954467773
0.0
2.5277318954467773
5.055463790893555
0.0
2.5277318954467773
2.5277318954467773
0.0
5.055463790893555
0.0
2.5277318954467773
0.0
0.0
0.0
0.0
0.0
2.5277318954467773
0.0
0.0
5.055463790893555
0.0
0.0
0.0
5.055463790893555
0.0
0.0
0.0
0.0
2.5277318954467773
0.0
0.0
0.0
0.0
0.0
0.0
0.0
0.0
0.0
0.0
0.0
0.0
0.0
2.5277318954467773
0.0
2.5277318954467773
0.0
2.5277318954467773
0.0
0.0
0.0
0.0
0.0
0.0
0.0
0.0
0.0
0.0
0.0
2.5277318954467773
2.5277318954467773
0.0
2.5277318954467773
0.0
0.0
2.5277318954467773
2.5277318954467773
0.0
0.0
5.055463790893555
2.5277318954467773
2.5277318954467773
0.0
0.0
0.0
0.0
2.5277318954467773
2.5277318954467773
10.11092758178711
2.5277318954467773
2.5277318954467773
