41131.83203125
1504.0009765625
537.6371459960938
305.9864196777344
188.43231201171875
136.57020568847656
95.08052062988281
74.33567810058594
96.80925750732422
41.489681243896484
62.23452377319336
48.40462875366211
36.303470611572266
17.28736686706543
39.76094436645508
25.93105125427246
27.659788131713867
25.93105125427246
17.28736686706543
22.47357749938965
5.1862101554870605
10.372420310974121
5.1862101554870605
10.372420310974121
8.643683433532715
13.829894065856934
12.101157188415527
10.372420310974121
5.1862101554870605
8.643683433532715
6.914947032928467
6.914947032928467
12.101157188415527
15.55863094329834
8.643683433532715
12.101157188415527
3.4574735164642334
5.1862101554870605
5.1862101554870605
13.829894065856934
5.1862101554870605
3.4574735164642334
8.643683433532715
5.1862101554870605
3.4574735164642334
1.7287367582321167
3.4574735164642334
5.1862101554870605
0.0
3.4574735164642334
5.1862101554870605
0.0
5.1862101554870605
1.7287367582321167
1.7287367582321167
3.4574735164642334
1.7287367582321167
1.7287367582321167
3.4574735164642334
0.0
1.7287367582321167
3.4574735164642334
1.7287367582321167
6.914947032928467
1.7287367582321167
1.7287367582321167
0.0
3.4574735164642334
5.1862101554870605
1.7287367582321167
5.1862101554870605
0.0
8.643683433532715
3.4574735164642334
0.0
3.4574735164642334
1.7287367582321167
1.7287367582321167
0.0
5.1862101554870605
5.1862101554870605
3.4574735164642334
1.7287367582321167
3.4574735164642334
3.4574735164642334
3.4574735164642334
1.7287367582321167
1.7287367582321167
3.4574735164642334
1.7287367582321167
6.914947032928467
3.4574735164642334
3.4574735164642334
5.1862101554870605
3.4574735164642334
3.4574735164642334
5.1862101554870605
10.372420310974121
10.372420310974121
15.55863094329834
