10562.0947265625
583.2437133789062
90.01326751708984
30.6617374420166
25.347200393676758
23.817209243774414
22.380949020385742
21.038421630859375
19.789627075195312
18.634563446044922
17.573230743408203
16.605632781982422
15.73176383972168
14.951627731323242
14.26522445678711
13.672552108764648
13.173612594604492
12.768404960632324
12.456929206848145
12.225768089294434
12.014857292175293
11.807389259338379
11.603368759155273
11.402791023254395
11.205658912658691
11.011970520019531
10.821727752685547
10.634928703308105
10.45157527923584
10.271665573120117
10.09520149230957
9.922182083129883
9.752606391906738
9.586475372314453
9.423789978027344
9.264548301696777
9.108752250671387
8.956399917602539
8.807493209838867
8.662030220031738
8.520011901855469
8.381438255310059
8.246309280395508
8.114624977111816
7.986385822296143
7.86159086227417
7.740240573883057
7.622335433959961
7.507874488830566
7.396858215332031
7.289286136627197
7.185159206390381
7.084476947784424
6.987239360809326
6.893446445465088
6.803097724914551
6.716194152832031
6.632735252380371
6.552720546722412
6.4761505126953125
6.403025150299072
6.33334493637085
6.267109394073486
6.204317569732666
6.144970893859863
6.089069366455078
6.036611557006836
5.987598896026611
5.942031383514404
5.89990758895874
5.861229419708252
5.825995445251465
5.794205665588379
5.765860557556152
5.740960597991943
5.719505310058594
5.7014946937561035
5.6869282722473145
5.675806522369385
5.668129920959473
5.663897514343262
5.66310977935791
5.665766716003418
5.671868324279785
5.68141508102417
5.694406032562256
5.710841655731201
5.730721473693848
5.75404691696167
5.780816555023193
5.811030387878418
5.84468936920166
5.8817925453186035
5.9223408699035645
5.966333866119385
6.013771057128906
6.064653396606445
6.1189799308776855
6.176751136779785
6.237967491149902
