10345.612854003906
325.1435568332672
4.774716377258301
961.2161556482315
2.190850555896759
318.68425826728344
0.5240203738212585
0.34342965483665466
0.2620101869106293
0.2620101869106293
0.5240203738212585
318.81526336073875
0.2620101869106293
0.13100509345531464
0.2620101869106293
0.13100509345531464
0.0
0.13100509345531464
0.0
0.0
0.7179606556892395
0.13100509345531464
0.0
0.4744347482919693
0.0
0.13100509345531464
0.2620101869106293
0.13100509345531464
0.0
0.7179606556892395
0.0
0.0
0.0
0.0
0.0
0.0
0.0
0.0
0.7179606556892395
0.0
0.0
0.0
0.0
0.0
0.0
0.0
0.0
0.0
0.0
0.0
0.13100509345531464
0.7179606556892395
0.0
0.0
0.0
0.0
0.0
0.0
0.0
0.0
0.0
0.0
0.0
0.0
0.34342965483665466
0.0
0.0
0.0
0.0
0.0
0.0
0.0
0.0
0.0
0.0
0.0
0.0
0.0
0.0
0.0
0.0
0.0
0.13100509345531464
0.0
0.0
0.0
0.0
0.0
0.0
0.0
0.0
0.13100509345531464
0.0
0.0
0.0
0.0
0.0
0.0
0.0
0.13100509345531464
