133.31797790527344
7.0647382736206055
2.7333552837371826
2.7467048168182373
0.5240203738212585
0.6054398417472839
0.3930152952671051
0.0
0.7364449501037598
0.5240203738212585
0.3930152952671051
0.0
0.2620101869106293
0.13100509345531464
0.3930152952671051
0.13100509345531464
0.8489657640457153
0.0
0.0
0.13100509345531464
0.13100509345531464
0.0
0.13100509345531464
0.34342965483665466
0.0
0.13100509345531464
0.13100509345531464
0.0
0.13100509345531464
0.0
0.0
0.0
0.7179606556892395
0.0
0.0
0.0
0.13100509345531464
0.0
0.0
0.0
0.0
0.0
0.7179606556892395
0.0
0.0
0.0
0.0
0.13100509345531464
0.0
0.0
0.0
0.0
0.0
0.0
0.0
0.0
0.0
0.0
0.0
0.0
0.0
0.0
0.0
0.0
0.0
1.0613902807235718
0.0
0.0
0.0
0.0
0.0
0.0
0.0
0.0
0.0
0.0
0.0
0.0
0.0
0.0
0.0
0.0
0.0
0.0
0.0
0.13100509345531464
0.0
0.0
0.0
0.13100509345531464
0.0
0.0
0.0
0.0
0.0
0.0
0.0
0.0
0.0
0.13100509345531464
