0.07562531344592571
0.13215786591172218
0.15021603927016258
0.06987464241683483
0.09080814756453037
0.05940788798034191
0.08034139685332775
0.07982409745454788
0.04894113540649414
0.07274997979402542
0.05704984813928604
0.0523337684571743
0.06751660257577896
0.02093350701034069
0.07510801963508129
0.07798336073756218
0.03663363680243492
0.06987464241683483
0.04186701402068138
0.06515856273472309
0.0622832253575325
0.07562531344592571
0.07274997979402542
0.02093350701034069
0.06464126519858837
0.07982409745454788
0.03663363680243492
0.05992518551647663
0.05940788798034191
0.06515856273472309
0.05940788798034191
0.08793281391263008
0.07459072023630142
0.08321673050522804
0.05181647092103958
0.05756714567542076
0.03663363680243492
0.05940788798034191
0.07798336073756218
0.0460657998919487
0.04134971834719181
0.07274997979402542
0.06176593154668808
0.07274997979402542
0.09552422910928726
0.09316619485616684
0.09552422910928726
0.06464126519858837
0.07510801963508129
0.04186701402068138
0.03140026330947876
0.05181647092103958
0.04422505386173725
0.0902908518910408
0.09264889359474182
0.10938361659646034
0.10363294184207916
0.08269943669438362
0.0622832253575325
0.126407191157341
0.09132544510066509
0.12169111147522926
0.13112328201532364
0.15125062689185143
0.11122435703873634
0.1083490289747715
0.10363294184207916
0.09891686215996742
0.07798336073756218
0.0902908518910408
0.11070706322789192
0.07459072023630142
0.11070706322789192
0.11358239874243736
0.15493211895227432
0.23814884573221207
0.14785799756646156
0.14314191974699497
0.22428946942090988
0.24625756591558456
0.30043207854032516
0.17638291791081429
0.2685145139694214
0.1868496723473072
0.2708725556731224
0.2776578292250633
0.3569646328687668
0.26431573182344437
0.45484688878059387
0.48049648106098175
0.46634824573993683
0.575503408908844
0.7827693223953247
0.7589604556560516
1.0635913014411926
1.254639744758606
1.9395268559455872
2.649834990501404
5.052028656005859
205.98464965820312
