2790.615966796875
245.1899871826172
126.38658905029297
68.2487564086914
42.971439361572266
30.332780838012695
27.805049896240234
15.166390419006348
30.332780838012695
27.805049896240234
12.63865852355957
2.5277318954467773
25.27731704711914
2.5277318954467773
5.055463790893555
5.055463790893555
15.166390419006348
10.11092758178711
10.11092758178711
7.583195209503174
10.11092758178711
7.583195209503174
0.0
2.5277318954467773
2.5277318954467773
2.5277318954467773
10.11092758178711
5.055463790893555
5.055463790893555
2.5277318954467773
5.055463790893555
0.0
0.0
7.583195209503174
0.0
5.055463790893555
2.5277318954467773
0.0
2.5277318954467773
0.0
2.5277318954467773
0.0
5.055463790893555
0.0
0.0
5.055463790893555
2.5277318954467773
2.5277318954467773
2.5277318954467773
2.5277318954467773
2.5277318954467773
0.0
2.5277318954467773
0.0
2.5277318954467773
0.0
0.0
2.5277318954467773
2.5277318954467773
2.5277318954467773
2.5277318954467773
0.0
2.5277318954467773
2.5277318954467773
0.0
0.0
5.055463790893555
0.0
2.5277318954467773
0.0
5.055463790893555
0.0
2.5277318954467773
0.0
5.055463790893555
0.0
2.5277318954467773
2.5277318954467773
2.5277318954467773
2.5277318954467773
0.0
0.0
0.0
0.0
5.055463790893555
0.0
0.0
0.0
2.5277318954467773
0.0
0.0
0.0
2.5277318954467773
2.5277318954467773
5.055463790893555
5.055463790893555
2.5277318954467773
5.055463790893555
2.5277318954467773
27.805049896240234
