2722.873779296875
268.4523620605469
162.2514190673828
61.95054244995117
38.350337982177734
29.500259399414062
50.15044021606445
26.550233840942383
11.800103187561035
17.70015525817871
23.60020637512207
17.70015525817871
23.60020637512207
5.900051593780518
5.900051593780518
2.950025796890259
11.800103187561035
8.850077629089355
8.850077629089355
5.900051593780518
2.950025796890259
5.900051593780518
2.950025796890259
2.950025796890259
0.0
5.900051593780518
8.850077629089355
5.900051593780518
5.900051593780518
2.950025796890259
5.900051593780518
0.0
5.900051593780518
5.900051593780518
0.0
0.0
0.0
5.900051593780518
0.0
0.0
0.0
2.950025796890259
0.0
0.0
2.950025796890259
0.0
2.950025796890259
5.900051593780518
2.950025796890259
0.0
0.0
0.0
0.0
0.0
5.900051593780518
0.0
2.950025796890259
2.950025796890259
0.0
2.950025796890259
0.0
0.0
2.950025796890259
2.950025796890259
2.950025796890259
2.950025796890259
0.0
0.0
2.950025796890259
2.950025796890259
0.0
2.950025796890259
0.0
0.0
2.950025796890259
0.0
2.950025796890259
2.950025796890259
0.0
0.0
2.950025796890259
2.950025796890259
2.950025796890259
0.0
0.0
0.0
0.0
0.0
0.0
2.950025796890259
2.950025796890259
0.0
2.950025796890259
2.950025796890259
5.900051593780518
0.0
5.900051593780518
8.850077629089355
2.950025796890259
29.500259399414062
