35357.8515625
3701.225341796875
1464.239990234375
767.5591430664062
497.8761901855469
330.188720703125
281.7840881347656
228.19325256347656
138.29893493652344
155.5863037109375
122.74031066894531
100.26673126220703
86.43683624267578
76.06441497802734
67.42073059082031
76.06441497802734
65.6919937133789
60.50578689575195
57.04831314086914
38.03220748901367
32.84599685668945
27.659788131713867
25.93105125427246
31.11726188659668
31.11726188659668
22.47357749938965
20.744840621948242
29.388525009155273
24.202314376831055
32.84599685668945
29.388525009155273
24.202314376831055
17.28736686706543
15.55863094329834
25.93105125427246
25.93105125427246
13.829894065856934
19.016103744506836
22.47357749938965
10.372420310974121
22.47357749938965
20.744840621948242
6.914947032928467
10.372420310974121
17.28736686706543
6.914947032928467
17.28736686706543
10.372420310974121
13.829894065856934
12.101157188415527
5.1862101554870605
6.914947032928467
10.372420310974121
12.101157188415527
17.28736686706543
10.372420310974121
19.016103744506836
5.1862101554870605
10.372420310974121
3.4574735164642334
15.55863094329834
5.1862101554870605
13.829894065856934
6.914947032928467
10.372420310974121
12.101157188415527
12.101157188415527
5.1862101554870605
10.372420310974121
6.914947032928467
6.914947032928467
8.643683433532715
3.4574735164642334
6.914947032928467
12.101157188415527
12.101157188415527
10.372420310974121
5.1862101554870605
8.643683433532715
8.643683433532715
1.7287367582321167
17.28736686706543
3.4574735164642334
6.914947032928467
10.372420310974121
13.829894065856934
6.914947032928467
6.914947032928467
10.372420310974121
8.643683433532715
10.372420310974121
10.372420310974121
1.7287367582321167
6.914947032928467
6.914947032928467
15.55863094329834
12.101157188415527
6.914947032928467
29.388525009155273
70.87820434570312
