9629.955078125
1133.861083984375
601.5438842773438
293.5147705078125
107.62489318847656
41.12738800048828
34.609439849853516
30.677518844604492
26.988780975341797
23.543222427368164
20.340845108032227
17.381649017333984
14.665634155273438
12.19279956817627
9.963146209716797
7.976673603057861
6.233382225036621
4.733271598815918
3.476341962814331
2.4625933170318604
1.6920254230499268
1.164638638496399
0.880432665348053
0.8315974473953247
0.8894452452659607
0.948494553565979
1.00563383102417
1.0608628988265991
1.1141821146011353
1.1655911207199097
1.2150901556015015
1.262679100036621
1.3083579540252686
1.3521268367767334
1.393985629081726
1.4339343309402466
1.4719730615615845
1.5081017017364502
1.5423202514648438
1.5746288299560547
1.6050273180007935
1.63351571559906
1.6600940227508545
1.6847623586654663
1.707520604133606
1.7283687591552734
1.7473069429397583
1.764335036277771
1.7794530391693115
1.7926610708236694
1.8039590120315552
1.8133468627929688
1.8208246231079102
1.826392412185669
1.8300501108169556
1.8317978382110596
1.8316353559494019
1.829563021659851
1.8255804777145386
1.819687843322754
1.8118852376937866
1.8021726608276367
1.790549874305725
1.7770171165466309
1.761574387550354
1.744221568107605
1.7249585390090942
1.7037855386734009
1.6807024478912354
1.6557093858718872
1.628806233406067
1.5999929904937744
1.5692697763442993
1.536636471748352
1.5020930767059326
1.4656397104263306
1.4272762537002563
1.38700270652771
1.3448190689086914
1.3007254600524902
1.254721760749817
1.206808090209961
1.1569842100143433
1.105250358581543
1.0516064167022705
0.9960525631904602
0.9385885000228882
0.8792144656181335
0.8179303407669067
0.7547361254692078
0.6896319389343262
0.6226176023483276
0.5536932945251465
0.48285889625549316
0.41011446714401245
0.33545994758605957
0.2588953971862793
0.18042080104351044
0.1000361368060112
0.017741423100233078
