5233.818851470947
18.488290786743164
966.6407628059387
7.028501987457275
1281.3674365878105
4.837651610374451
2.565381556749344
962.2901630401611
1.4544056057929993
2.759321868419647
0.3930152952671051
1.6979314982891083
2.059845447540283
0.34342965483665466
1.7164157927036285
0.13100509345531464
0.13100509345531464
319.27121382951736
0.13100509345531464
0.8489657491445541
0.0
0.2620101869106293
0.8489657491445541
0.0
0.34342965483665466
0.8489657491445541
0.13100509345531464
0.0
0.34342965483665466
0.0
0.0
0.0
0.13100509345531464
0.13100509345531464
0.8489657491445541
0.0
0.13100509345531464
0.13100509345531464
0.34342965483665466
0.0
0.13100509345531464
0.34342965483665466
0.13100509345531464
0.7179606556892395
0.7179606556892395
0.0
0.4744347482919693
0.0
0.8489657491445541
0.0
0.0
0.13100509345531464
0.0
0.0
0.7179606556892395
0.7179606556892395
0.34342965483665466
0.34342965483665466
0.0
0.13100509345531464
0.0
0.0
0.0
959.3813517689705
0.0
0.8489657491445541
0.0
0.0
0.7179606556892395
0.7179606556892395
0.13100509345531464
0.0
1.0613903105258942
0.0
0.0
1.1923954039812088
0.0
0.0
0.0
0.0
0.0
0.0
0.34342965483665466
0.0
0.13100509345531464
0.0
0.0
0.0
0.7179606556892395
0.0
0.6868593096733093
0.0
0.7179606556892395
0.34342965483665466
0.7179606556892395
959.0068207681179
0.4744347482919693
2.284887120127678
1.0613903105258942
959.8557865172625
