123.52523040771484
19.53144073486328
11.883821487426758
7.192509174346924
4.265150547027588
3.0623772144317627
2.7326571941375732
2.4534010887145996
2.1910297870635986
1.9455437660217285
1.7169424295425415
1.5052262544631958
1.3103948831558228
1.132448673248291
0.9713872671127319
0.8272109031677246
0.6999194622039795
0.5895130634307861
0.49599161744117737
0.419355183839798
0.3596036434173584
0.3167371153831482
0.29075559973716736
0.28112316131591797
0.2790113389492035
0.2771835923194885
0.2754264175891876
0.2737398147583008
0.2721238136291504
0.27057841420173645
0.2691035866737366
0.26769936084747314
0.2663657069206238
0.26510265469551086
0.263910174369812
0.2627882957458496
0.26173701882362366
0.26075634360313416
0.25984621047973633
0.25900667905807495
0.25823774933815
0.25753939151763916
0.25691166520118713
0.25635451078414917
0.25586792826652527
0.25545191764831543
0.25510653853416443
0.2548317313194275
0.254627525806427
0.2544938623905182
0.2544308602809906
0.2544384002685547
0.2545165419578552
0.2546652555465698
0.2548845708370209
0.255174458026886
0.25553494691848755
0.25596603751182556
0.2564677298069
0.25703999400138855
0.25768283009529114
0.2583962678909302
0.2591802775859833
0.2600349187850952
0.2609601318836212
0.2619559168815613
0.2630222737789154
0.26415929198265076
0.2653668224811554
0.26664498448371887
0.2679937183856964
0.2694130539894104
0.27090296149253845
0.27246347069740295
0.2740945816040039
0.2757962644100189
0.277568519115448
0.2794113755226135
0.2813248336315155
0.28330889344215393
0.2853635251522064
0.287488728761673
0.28968456387519836
0.29195094108581543
0.29428794980049133
0.2966955006122589
0.2991736829280853
0.3017224073410034
0.30434179306030273
0.3070317208766937
0.3097922205924988
0.3126233220100403
0.31552502512931824
0.31849732995033264
0.3215402066707611
0.324653685092926
0.3278377056121826
0.33109235763549805
0.33441758155822754
0.3378134071826935
