5.029285907745361
9.007770538330078
9.137870788574219
7.189113140106201
7.889646530151367
6.9825921058654785
7.678576946258545
11.455089569091797
6.704197883605957
6.776071071624756
8.239913940429688
6.488579750061035
8.02429485321045
5.375003814697266
6.987140655517578
6.493128299713135
7.265534400939941
5.307680130004883
9.003222465515137
9.640981674194336
7.817773818969727
7.472055435180664
6.704197883605957
5.653397560119629
7.054464817047119
7.054464817047119
5.235806465148926
9.636431694030762
5.864467620849609
6.1474103927612305
7.543928623199463
8.09616756439209
8.873123168945312
6.003664493560791
7.822322368621826
4.247781276702881
7.265534400939941
9.286165237426758
8.249011993408203
6.430353164672852
7.817773818969727
7.270083427429199
10.206866264343262
10.06312084197998
8.379110336303711
8.527405738830566
8.033391952514648
9.631882667541504
7.894195556640625
6.708746910095215
8.23536491394043
8.09616756439209
7.894195556640625
10.067669868469238
8.522855758666992
10.336965560913086
10.197769165039062
10.206866264343262
8.652956008911133
14.405519485473633
12.22294807434082
15.725615501403809
13.830535888671875
10.125896453857422
10.759105682373047
13.067227363586426
14.324548721313477
12.573214530944824
14.463746070861816
17.045711517333984
14.324548721313477
11.253117561340332
13.83963394165039
15.308025360107422
20.89864730834961
17.813570022583008
17.25678253173828
23.283191680908203
23.215866088867188
23.345966339111328
29.219532012939453
24.41041374206543
29.219532012939453
31.02909278869629
34.66640853881836
36.42229080200195
38.02532958984375
39.215328216552734
49.071929931640625
56.00539016723633
61.322166442871094
68.08914184570312
79.4414291381836
98.73248291015625
116.55516052246094
143.825927734375
207.43893432617188
296.4676513671875
557.3400268554688
8666.5712890625
