5560.798828125
1725.76513671875
799.45703125
519.2045288085938
398.2535095214844
253.7022247314453
230.10202026367188
156.35137939453125
120.95106506347656
165.20144653320312
64.90056610107422
85.55075073242188
82.60072326660156
61.95054244995117
85.55075073242188
50.15044021606445
44.250389099121094
67.85059356689453
35.40031051635742
44.250389099121094
29.500259399414062
29.500259399414062
53.100467681884766
35.40031051635742
38.350337982177734
44.250389099121094
35.40031051635742
17.70015525817871
29.500259399414062
32.45028305053711
17.70015525817871
17.70015525817871
14.750129699707031
17.70015525817871
35.40031051635742
5.900051593780518
8.850077629089355
11.800103187561035
17.70015525817871
17.70015525817871
5.900051593780518
14.750129699707031
8.850077629089355
14.750129699707031
14.750129699707031
20.65018081665039
17.70015525817871
17.70015525817871
23.60020637512207
20.65018081665039
20.65018081665039
20.65018081665039
23.60020637512207
8.850077629089355
5.900051593780518
23.60020637512207
14.750129699707031
8.850077629089355
14.750129699707031
5.900051593780518
2.950025796890259
17.70015525817871
8.850077629089355
17.70015525817871
14.750129699707031
5.900051593780518
17.70015525817871
14.750129699707031
8.850077629089355
11.800103187561035
8.850077629089355
8.850077629089355
14.750129699707031
2.950025796890259
11.800103187561035
5.900051593780518
17.70015525817871
11.800103187561035
2.950025796890259
17.70015525817871
8.850077629089355
5.900051593780518
8.850077629089355
23.60020637512207
11.800103187561035
11.800103187561035
17.70015525817871
17.70015525817871
23.60020637512207
20.65018081665039
8.850077629089355
14.750129699707031
29.500259399414062
35.40031051635742
38.350337982177734
29.500259399414062
26.550233840942383
23.60020637512207
41.30036163330078
171.10150146484375
