5758.45068359375
1604.8140869140625
820.107177734375
528.0546264648438
371.7032775878906
247.8021697998047
182.901611328125
153.40135192871094
141.6012420654297
115.05101013183594
103.25090789794922
79.65069580078125
88.50077819824219
79.65069580078125
59.000518798828125
38.350337982177734
53.100467681884766
59.000518798828125
35.40031051635742
41.30036163330078
41.30036163330078
47.20041275024414
23.60020637512207
41.30036163330078
38.350337982177734
38.350337982177734
32.45028305053711
35.40031051635742
29.500259399414062
23.60020637512207
20.65018081665039
23.60020637512207
20.65018081665039
20.65018081665039
8.850077629089355
14.750129699707031
5.900051593780518
20.65018081665039
5.900051593780518
8.850077629089355
2.950025796890259
26.550233840942383
11.800103187561035
8.850077629089355
20.65018081665039
20.65018081665039
17.70015525817871
20.65018081665039
17.70015525817871
29.500259399414062
8.850077629089355
11.800103187561035
20.65018081665039
23.60020637512207
14.750129699707031
8.850077629089355
8.850077629089355
17.70015525817871
17.70015525817871
5.900051593780518
5.900051593780518
5.900051593780518
11.800103187561035
11.800103187561035
17.70015525817871
2.950025796890259
26.550233840942383
11.800103187561035
11.800103187561035
11.800103187561035
5.900051593780518
5.900051593780518
23.60020637512207
8.850077629089355
0.0
8.850077629089355
8.850077629089355
11.800103187561035
14.750129699707031
2.950025796890259
8.850077629089355
5.900051593780518
17.70015525817871
17.70015525817871
23.60020637512207
5.900051593780518
26.550233840942383
8.850077629089355
23.60020637512207
11.800103187561035
23.60020637512207
26.550233840942383
8.850077629089355
35.40031051635742
35.40031051635742
35.40031051635742
29.500259399414062
17.70015525817871
35.40031051635742
177.00155639648438
