86046.1640625
35656.4453125
16928.634765625
10029.9658203125
6636.9697265625
4828.7041015625
3732.841064453125
2764.1923828125
2409.808837890625
1955.4708251953125
1695.5894775390625
1432.0733642578125
1139.479736328125
1092.228515625
934.1189575195312
825.0778198242188
788.7307739257812
756.0184326171875
656.0640869140625
583.3699951171875
537.9362182617188
550.6576538085938
539.7535400390625
439.7991943359375
439.7991943359375
392.54803466796875
339.8448181152344
359.835693359375
336.2101135253906
332.5754089355469
294.4110412597656
270.78546142578125
298.0457458496094
276.2375183105469
218.08224487304688
245.342529296875
216.264892578125
232.62106323242188
225.35165405273438
223.5343017578125
201.72607421875
185.36990356445312
198.09136962890625
196.27401733398438
143.57081604003906
147.2055206298828
161.74432373046875
189.00460815429688
141.7534637451172
152.65757751464844
141.7534637451172
149.0228729248047
147.2055206298828
141.7534637451172
139.9361114501953
136.30140686035156
132.6667022705078
119.94523620605469
123.57994079589844
119.94523620605469
109.04112243652344
136.30140686035156
129.03199768066406
129.03199768066406
101.77171325683594
116.31053161621094
110.85847473144531
105.40641784667969
99.95436096191406
103.58906555175781
90.86759948730469
101.77171325683594
125.39729309082031
105.40641784667969
101.77171325683594
110.85847473144531
92.68495178222656
105.40641784667969
105.40641784667969
92.68495178222656
99.95436096191406
112.67582702636719
96.31965637207031
81.78083801269531
109.04112243652344
94.50230407714844
94.50230407714844
103.58906555175781
78.1461410522461
79.96348571777344
110.85847473144531
99.95436096191406
112.67582702636719
127.21464538574219
132.6667022705078
149.0228729248047
138.11875915527344
189.00460815429688
230.8037109375
508.85858154296875
