4344.73046875
1471.7490234375
873.4664916992188
621.342529296875
466.2832336425781
346.9389953613281
253.0984344482422
174.89801025390625
111.93507385253906
64.20964050292969
31.721702575683594
14.4712553024292
12.442214965820312
21.153963088989258
30.0249080657959
37.528045654296875
43.66337585449219
48.4308967590332
51.83061218261719
53.86252212524414
54.5266227722168
53.82292175292969
51.75140380859375
48.3612060546875
44.4616584777832
40.716156005859375
37.144264221191406
33.7459831237793
30.521318435668945
27.47026252746582
24.592819213867188
21.888988494873047
19.35877227783203
17.002164840698242
14.819171905517578
12.809789657592773
10.974020957946777
9.311863899230957
7.823319435119629
6.508386611938477
5.367065906524658
4.39935827255249
3.605262517929077
2.984778881072998
2.537907361984253
2.2646484375
2.165001630783081
2.238966941833496
2.486544609069824
2.9077343940734863
3.5025367736816406
4.270950794219971
5.212977886199951
6.328616619110107
7.617475509643555
8.987269401550293
10.22743034362793
11.308725357055664
12.231158256530762
12.994725227355957
13.599430084228516
14.045269966125488
14.332244873046875
14.460356712341309
14.429604530334473
14.239988327026367
13.891508102416992
13.384162902832031
12.717954635620117
11.892881393432617
10.908944129943848
9.766142845153809
8.4644775390625
7.003949165344238
5.384555816650391
3.609691619873047
2.0139100551605225
1.2096415758132935
1.2623071670532227
2.1719069480895996
3.9384407997131348
6.56190824508667
10.042309761047363
14.379646301269531
19.573915481567383
25.6251220703125
32.53325653076172
40.29833221435547
48.92033767700195
58.39927673339844
68.73515319824219
79.92796325683594
91.97770690917969
104.8843765258789
118.64799499511719
133.26852416992188
148.74600219726562
165.08042907714844
182.2717742919922
200.32005310058594
