181222.22100830078
7426.496129989624
1309.3519048690796
1928.873775959015
2565.513411998749
1600.9191448688507
1921.6085796952248
324.07776403427124
4.070105314254761
2.7778061032295227
961.5906866192818
3.8576806783676147
0.9488694965839386
0.5240203738212585
0.8489657491445541
322.01791858673096
0.8489657491445541
0.998455137014389
958.9254013001919
0.8489657491445541
1277.47865447402
319.4022189229727
0.7364449501037598
0.5240203738212585
0.6054398417472839
959.0564064085484
0.6054398417472839
2.041361153125763
1.748249590396881
0.0
0.34342965483665466
958.6633911132812
0.2620101869106293
0.817864403128624
1.9103560596704483
0.34342965483665466
0.0
0.2620101869106293
0.8489657491445541
0.7179606556892395
0.8489657491445541
0.7179606556892395
0.13100509345531464
0.4744347482919693
0.13100509345531464
0.7179606556892395
0.34342965483665466
0.13100509345531464
0.0
0.13100509345531464
1.1923954039812088
0.6054398417472839
0.13100509345531464
1.5669264048337936
0.0
0.4744347482919693
0.3930152952671051
1.0613903105258942
0.13100509345531464
318.5532531738281
0.7179606556892395
0.7179606556892395
0.2620101869106293
0.0
0.2620101869106293
0.13100509345531464
0.13100509345531464
0.0
0.0
0.0
0.0
0.0
0.13100509345531464
0.0
0.0
0.0
0.8489657491445541
0.34342965483665466
0.0
0.0
0.7179606556892395
0.0
0.13100509345531464
0.0
0.34342965483665466
0.13100509345531464
0.0
0.0
0.0
0.13100509345531464
0.13100509345531464
0.2620101869106293
0.0
0.9799708425998688
0.0
1.435921311378479
1.1923954039812088
0.0
1.5358250588178635
4.950904995203018
