1283.1683349609375
101.7611312866211
49.6824951171875
23.391542434692383
7.644906044006348
2.2050118446350098
1.9334137439727783
1.866308331489563
1.8010690212249756
1.7376960515975952
1.6761891841888428
1.6165486574172974
1.5587742328643799
1.5028660297393799
1.4488240480422974
1.3966484069824219
1.3463388681411743
1.2978955507278442
1.2513184547424316
1.2066075801849365
1.1637628078460693
1.1227843761444092
1.0836721658706665
1.0463920831680298
1.0103849172592163
0.9751918911933899
0.9407995343208313
0.9072078466415405
0.8744167685508728
0.8424263596534729
0.8112366795539856
0.7808476686477661
0.7512592673301697
0.7224715352058411
0.6944844722747803
0.6672980785369873
0.6409123539924622
0.6153272986412048
0.5905427932739258
0.5665591359138489
0.5433759689331055
0.5209935903549194
0.49941182136535645
0.4786307215690613
0.45865029096603394
0.439470499753952
0.4210914075374603
0.40351295471191406
0.3867351710796356
0.3707580268383026
0.3555815815925598
0.34120577573776245
0.3276306390762329
0.3148561716079712
0.3028823733329773
0.29170921444892883
0.2813367247581482
0.2717649042606354
0.2629937529563904
0.2550232410430908
0.24785341322422028
0.24148423969745636
0.23591573536396027
0.2311478704214096
0.22718070447444916
0.22401417791843414
0.22164832055568695
0.2200831174850464
0.21931858360767365
0.21935470402240753
0.22019149363040924
0.22182895243167877
0.22426706552505493
0.22750583291053772
0.23154528439044952
0.23638537526130676
0.24202615022659302
0.2484675794839859
0.2557096481323242
0.26375240087509155
0.2725958228111267
0.2822399139404297
0.2926846742630005
0.3039300739765167
0.3159761428833008
0.3288228511810303
0.34247025847435
0.3569183051586151
0.37216702103614807
0.38821637630462646
0.40506646037101746
0.4227171242237091
0.44116851687431335
0.46042054891586304
0.48047325015068054
0.5013265609741211
0.5229806303977966
0.5454352498054504
0.5686906576156616
0.5927466154098511
