0.039293114095926285
0.04105767607688904
0.04778355360031128
0.053731661289930344
0.035232920199632645
0.040934331715106964
0.037775252014398575
0.04474782571196556
0.03675078600645065
0.02661913074553013
0.025471316650509834
0.028136996552348137
0.018128693103790283
0.023706752806901932
0.02661913074553013
0.024076800793409348
0.022435586899518967
0.019646557047963142
0.02522461675107479
0.02420015074312687
0.029408160597085953
0.016734177246689796
0.020917722955346107
0.02510126680135727
0.019646557047963142
0.020917722955346107
0.0323205403983593
0.020917722955346107
0.028136996552348137
0.03092602640390396
0.023706752806901932
0.02268228679895401
0.03092602640390396
0.03396175429224968
0.029408160597085953
0.02661913074553013
0.04372335970401764
0.015339663252234459
0.02104107104241848
0.019769906997680664
0.01952320709824562
0.013945148326456547
0.039293114095926285
0.035109568387269974
0.033591706305742264
0.032197192311286926
0.026865830644965172
0.032197192311286926
0.028013644739985466
0.025347966700792313
0.023953452706336975
0.023830100893974304
0.02826034650206566
0.0323205403983593
0.0323205403983593
0.030148258432745934
0.0323205403983593
0.028013644739985466
0.031049374490976334
0.02571801468729973
0.036257386207580566
0.0423288457095623
0.04105767607688904
0.04778355360031128
0.03535626828670502
0.046512387692928314
0.04626568779349327
0.04068762809038162
0.04220549389719963
0.04208214208483696
0.04790690541267395
0.05500282719731331
0.056397341191768646
0.0534849651157856
0.057915206998586655
0.07477273046970367
0.050819281488657
0.05906302109360695
0.0904824435710907
0.0561506412923336
0.11660817265510559
0.09290142357349396
0.07998073846101761
0.10393419861793518
0.09454263746738434
0.10114516317844391
0.13420580327510834
0.14068499207496643
0.13305799663066864
0.15803590416908264
0.20885518193244934
0.2166055142879486
0.21685223281383514
0.28359025716781616
0.36800122261047363
0.4124166965484619
0.5895304083824158
0.8834133148193359
1.753991723060608
73.6817626953125
