16059.94140625
1430.7625732421875
601.8052978515625
268.4523620605469
227.15199279785156
141.6012420654297
115.05101013183594
97.3508529663086
61.95054244995117
53.100467681884766
76.70067596435547
53.100467681884766
20.65018081665039
29.500259399414062
32.45028305053711
26.550233840942383
50.15044021606445
20.65018081665039
26.550233840942383
20.65018081665039
11.800103187561035
17.70015525817871
17.70015525817871
23.60020637512207
11.800103187561035
5.900051593780518
11.800103187561035
23.60020637512207
11.800103187561035
11.800103187561035
5.900051593780518
20.65018081665039
5.900051593780518
23.60020637512207
5.900051593780518
11.800103187561035
5.900051593780518
5.900051593780518
14.750129699707031
5.900051593780518
0.0
11.800103187561035
2.950025796890259
17.70015525817871
5.900051593780518
5.900051593780518
8.850077629089355
20.65018081665039
8.850077629089355
2.950025796890259
0.0
2.950025796890259
0.0
8.850077629089355
14.750129699707031
5.900051593780518
0.0
8.850077629089355
2.950025796890259
5.900051593780518
5.900051593780518
5.900051593780518
0.0
5.900051593780518
0.0
8.850077629089355
2.950025796890259
5.900051593780518
2.950025796890259
2.950025796890259
14.750129699707031
5.900051593780518
11.800103187561035
5.900051593780518
2.950025796890259
5.900051593780518
0.0
8.850077629089355
5.900051593780518
5.900051593780518
17.70015525817871
0.0
11.800103187561035
2.950025796890259
0.0
2.950025796890259
0.0
0.0
5.900051593780518
0.0
2.950025796890259
11.800103187561035
5.900051593780518
0.0
8.850077629089355
5.900051593780518
2.950025796890259
5.900051593780518
5.900051593780518
47.20041275024414
