15915.3896484375
1510.4132080078125
625.405517578125
274.3524169921875
221.25193786621094
156.35137939453125
118.00103759765625
64.90056610107422
88.50077819824219
70.80062103271484
64.90056610107422
53.100467681884766
29.500259399414062
23.60020637512207
29.500259399414062
23.60020637512207
35.40031051635742
38.350337982177734
20.65018081665039
23.60020637512207
35.40031051635742
14.750129699707031
17.70015525817871
29.500259399414062
11.800103187561035
0.0
17.70015525817871
8.850077629089355
8.850077629089355
8.850077629089355
20.65018081665039
17.70015525817871
14.750129699707031
11.800103187561035
11.800103187561035
8.850077629089355
8.850077629089355
5.900051593780518
2.950025796890259
11.800103187561035
8.850077629089355
8.850077629089355
11.800103187561035
2.950025796890259
11.800103187561035
5.900051593780518
2.950025796890259
0.0
17.70015525817871
5.900051593780518
11.800103187561035
8.850077629089355
5.900051593780518
2.950025796890259
5.900051593780518
5.900051593780518
5.900051593780518
2.950025796890259
5.900051593780518
0.0
11.800103187561035
8.850077629089355
2.950025796890259
2.950025796890259
5.900051593780518
0.0
2.950025796890259
0.0
5.900051593780518
14.750129699707031
5.900051593780518
5.900051593780518
2.950025796890259
11.800103187561035
2.950025796890259
0.0
8.850077629089355
17.70015525817871
11.800103187561035
5.900051593780518
0.0
5.900051593780518
8.850077629089355
5.900051593780518
0.0
5.900051593780518
0.0
5.900051593780518
0.0
2.950025796890259
5.900051593780518
5.900051593780518
5.900051593780518
2.950025796890259
5.900051593780518
5.900051593780518
2.950025796890259
8.850077629089355
2.950025796890259
50.15044021606445
