79562.25
10405.388671875
3956.7783203125
2036.70263671875
1299.96240234375
924.48095703125
773.7194213867188
597.35693359375
403.92706298828125
364.103271484375
372.6369323730469
292.9893493652344
199.1189727783203
147.9169464111328
184.8961944580078
119.47138214111328
142.22784423828125
133.6941680908203
142.22784423828125
91.02581787109375
130.849609375
108.09315490722656
88.18125915527344
65.4248046875
71.11392211914062
56.891136169433594
65.4248046875
73.9584732055664
62.58024978637695
39.823795318603516
42.66835021972656
45.512908935546875
39.823795318603516
36.9792366027832
25.601011276245117
34.134681701660156
45.512908935546875
31.290124893188477
25.601011276245117
39.823795318603516
39.823795318603516
39.823795318603516
34.134681701660156
31.290124893188477
34.134681701660156
48.35746383666992
28.445568084716797
19.911897659301758
36.9792366027832
39.823795318603516
19.911897659301758
22.756454467773438
28.445568084716797
39.823795318603516
5.689113616943359
19.911897659301758
31.290124893188477
22.756454467773438
28.445568084716797
22.756454467773438
22.756454467773438
17.067340850830078
17.067340850830078
11.378227233886719
11.378227233886719
28.445568084716797
28.445568084716797
8.533670425415039
17.067340850830078
2.8445568084716797
22.756454467773438
11.378227233886719
11.378227233886719
14.222784042358398
11.378227233886719
14.222784042358398
8.533670425415039
22.756454467773438
25.601011276245117
19.911897659301758
31.290124893188477
8.533670425415039
22.756454467773438
17.067340850830078
17.067340850830078
14.222784042358398
28.445568084716797
19.911897659301758
25.601011276245117
25.601011276245117
42.66835021972656
28.445568084716797
19.911897659301758
45.512908935546875
19.911897659301758
14.222784042358398
39.823795318603516
48.35746383666992
54.04657745361328
170.67340087890625
