175064.015625
11018.654296875
5194.56689453125
2544.423828125
952.3309936523438
394.4617614746094
355.4663391113281
337.5103759765625
320.2718811035156
303.7508544921875
287.9472961425781
272.8612365722656
258.49261474609375
244.84146118164062
231.9077911376953
219.69158935546875
208.19287109375
197.41160583496094
187.34780883789062
178.00148010253906
169.3726348876953
161.4612579345703
154.26734924316406
147.77244567871094
141.67225646972656
135.71742248535156
129.90054321289062
124.22163391113281
118.68070220947266
113.27774810791016
108.01275634765625
102.88574981689453
97.89669799804688
93.0456314086914
88.33253479003906
83.75740814208984
79.32025909423828
75.02107238769531
70.85986328125
66.83662414550781
62.95135498046875
59.20405960083008
55.59474182128906
52.123390197753906
48.79001235961914
45.594608306884766
42.537174224853516
39.617713928222656
36.83622360229492
34.19270324707031
31.68716049194336
29.3195858001709
27.089984893798828
24.998353958129883
23.044696807861328
21.22901153564453
19.551298141479492
18.01155662536621
16.609786987304688
15.345991134643555
14.220166206359863
13.23231315612793
12.382431983947754
11.670522689819336
11.096586227416992
10.660622596740723
10.362628936767578
10.202608108520508
10.180559158325195
10.296483039855957
10.550378799438477
10.942245483398438
11.472085952758789
12.139896392822266
12.945680618286133
13.889436721801758
14.971163749694824
16.19086265563965
17.548534393310547
19.044178009033203
20.67779541015625
22.449384689331055
24.358943939208984
26.406475067138672
28.59197998046875
30.915454864501953
33.37690353393555
35.97632598876953
38.71371841430664
41.589080810546875
44.6024169921875
47.753726959228516
51.043006896972656
54.47026062011719
58.03548049926758
61.738677978515625
65.57984924316406
69.55899047851562
73.67610168457031
77.93118286132812
