0.7179606556892395
2247.9527463912964
7397.597146034241
10597.944102287292
5485.794305801392
8341.983810901642
3218.2756819725037
2580.1773891448975
1608.3858454227448
2569.8907101154327
326.54397416114807
1284.1267584562302
1287.216893196106
968.7005264759064
645.4273076057434
965.466037273407
1925.782909154892
3845.0627002716064
2256.090609550476
4163.693609714508
4175.967574596405
4818.461658000946
8012.141945838928
4499.181689739227
9281.83116054535
1945.9628901481628
6740.256673812866
4504.129371643066
6096.452986717224
5457.705717563629
6107.585042953491
4186.206090927124
4177.585529327393
7053.259603023529
3217.968032836914
3211.314794063568
3213.744035720825
4169.773242950439
3530.1828558444977
3212.3349561691284
982.2000617980957
2569.5269360542297
17.862019538879395
1610.4350471496582
970.1333675384521
2247.0384469032288
650.1945415735245
1610.4811947345734
2247.5809514522552
2244.761041879654
972.5271878242493
14.473638534545898
328.6267066001892
2244.2059713602066
1285.2997870445251
1922.8607482910156
1924.4284071922302
6.628004550933838
326.19233000278473
9.137933254241943
326.79263496398926
1923.9807534217834
325.94293677806854
4.250696063041687
1921.0266768932343
642.6176677942276
961.870366692543
1282.759639620781
3.7133260369300842
1280.9618042111397
1282.3163061141968
6.27357280254364
3.5327354073524475
323.1288945674896
320.5997491776943
320.6315828561783
4.70664656162262
322.49162098765373
323.0474750995636
323.17921274900436
1279.0011300742626
6.173669278621674
322.4612520933151
322.0356704890728
321.02459824085236
1920.6159917116165
322.0364028811455
961.0666661858559
3.9568520188331604
960.1673823595047
322.57304042577744
2.352957010269165
321.2185384631157
1.9288403391838074
2.2093348503112793
321.8239783644676
321.5930694937706
7.691009879112244
962.4270353317261
327.26193499565125
