5.540770530700684
36.068782806396484
45.9461555480957
45.88235092163086
44.17705535888672
41.04695129394531
36.492042541503906
30.5123233795166
23.269559860229492
16.471599578857422
11.143502235412598
7.2992143630981445
4.938735485076904
4.062065601348877
4.669204235076904
6.7601518630981445
10.334908485412598
15.212387084960938
20.08615493774414
24.3829288482666
28.10025405883789
31.238128662109375
33.79656219482422
35.77553939819336
37.175071716308594
37.99515914916992
38.23579406738281
37.8969841003418
36.97930908203125
35.646507263183594
34.28609085083008
32.9541015625
31.650545120239258
30.37541389465332
29.12871742248535
27.910449981689453
26.720613479614258
25.559206008911133
24.42622947692871
23.321683883666992
22.245567321777344
21.197879791259766
20.178625106811523
19.187801361083984
18.225406646728516
17.291440963745117
16.385910034179688
15.508805274963379
14.66013240814209
13.839888572692871
13.048076629638672
12.28469467163086
11.549742698669434
10.843221664428711
10.165130615234375
9.515469551086426
8.89423942565918
8.30143928527832
7.737069606781006
7.201129913330078
6.693620681762695
6.214542388916016
5.763894081115723
5.341676235198975
4.947888374328613
4.582531452178955
4.245604038238525
3.937107563018799
3.657041311264038
3.4054055213928223
3.1821999549865723
2.987424612045288
2.821079730987549
2.6831653118133545
2.573681116104126
2.4926271438598633
2.4400036334991455
2.4158103466033936
2.4200475215911865
2.4527151584625244
2.513813018798828
2.6033413410186768
2.721299648284912
2.8676886558532715
3.0425078868865967
3.245757579803467
3.4774374961853027
3.7375478744506836
4.026088237762451
4.343059062957764
4.688460350036621
5.062292098999023
5.464554309844971
5.895246505737305
6.354369163513184
6.841922283172607
7.357905387878418
7.902319431304932
8.475163459777832
9.076437950134277
