255.81553649902344
4432.1142578125
14593.615234375
21423.44921875
23553.224609375
21976.705078125
23434.412109375
19233.85546875
18716.16015625
20323.001953125
18193.2265625
14623.111328125
18740.41796875
15616.876953125
16259.4482421875
18692.728515625
15527.5625
19133.23828125
21691.392578125
23047.65625
19674.365234375
22107.64453125
24528.794921875
28461.408203125
26836.375
33006.26953125
27961.080078125
36932.81640625
35379.73046875
36087.359375
41673.67578125
41483.7421875
42482.74609375
42471.4453125
47574.80078125
45576.79296875
49157.3828125
54720.26953125
57105.859375
55636.0234375
59104.69140625
58789.0546875
62595.96875
54124.55859375
57723.34375
62863.9140625
65981.390625
59560.9140625
69568.875
68592.46875
71317.1328125
81341.625
74303.6640625
78949.96875
73184.1953125
82644.1328125
80663.4921875
77110.75
83721.1484375
78514.6953125
82250.484375
87664.234375
91245.65625
95076.828125
95655.1640625
91972.3046875
94125.5078125
86872.53125
102270.8046875
104358.1328125
103804.875
94719.5625
108266.484375
108682.734375
98123.1796875
106279.78125
116857.53125
108694.8671875
109563.75
111698.765625
112085.53125
109021.8046875
113572.734375
114667.109375
128065.7265625
116951.265625
130747.9296875
120544.8125
126482.3203125
132193.515625
135537.3125
131586.5
142449.5625
144157.015625
148594.375
159302.234375
170849.5
188738.40625
225366.046875
678400.75
