14.94880199432373
336.3480529785156
986.6209106445312
1235.767578125
1006.5526733398438
929.3171997070312
710.0680541992188
515.733642578125
411.092041015625
341.3309631347656
224.23202514648438
234.19789123535156
196.8258819580078
204.30029296875
186.86001586914062
206.79176330566406
211.77468872070312
239.1808319091797
206.79176330566406
236.68936157226562
279.0443115234375
224.23202514648438
276.5528259277344
271.56988525390625
289.0101623535156
346.31390380859375
346.31390380859375
264.0954895019531
353.7882995605469
308.94189453125
269.07843017578125
303.9589538574219
311.4333801269531
281.5357666015625
249.14669799804688
259.112548828125
321.39923095703125
254.12962341308594
269.07843017578125
231.7064208984375
246.6552276611328
199.31735229492188
191.84295654296875
201.80882263183594
194.3344268798828
176.89414978027344
219.24908447265625
216.75762939453125
156.96241760253906
154.470947265625
154.470947265625
117.09894561767578
127.06481170654297
146.99655151367188
132.04774475097656
112.11601257324219
92.18428039550781
122.08187866210938
94.67574310302734
104.64160919189453
72.2525405883789
119.59041595458984
87.20133972167969
77.2354736328125
89.69281005859375
107.1330795288086
87.20133972167969
84.70987701416016
84.70987701416016
92.18428039550781
69.76107788085938
64.77813720703125
67.26960754394531
59.79520797729492
59.79520797729492
77.2354736328125
47.33787155151367
59.79520797729492
72.2525405883789
49.82933807373047
47.33787155151367
42.35493850708008
64.77813720703125
49.82933807373047
72.2525405883789
49.82933807373047
47.33787155151367
57.303741455078125
42.35493850708008
34.88053894042969
37.372005462646484
29.89760398864746
42.35493850708008
47.33787155151367
64.77813720703125
19.93173599243164
44.846405029296875
49.82933807373047
69.76107788085938
99.65867614746094
