14.750129699707031
359.9031677246094
1035.4591064453125
1239.0108642578125
1029.55908203125
935.158203125
684.406005859375
563.4549560546875
413.0036315917969
306.8027038574219
241.90213012695312
221.25193786621094
215.3518829345703
185.8516387939453
221.25193786621094
132.75115966796875
188.80165100097656
188.80165100097656
194.7017059326172
227.15199279785156
236.0020751953125
247.8021697998047
250.752197265625
262.55230712890625
283.2024841308594
309.7527160644531
315.65277099609375
342.2030029296875
312.7027587890625
297.9526062011719
295.0025939941406
297.9526062011719
339.25299072265625
286.15252685546875
236.0020751953125
203.55178833007812
268.4523620605469
306.8027038574219
297.9526062011719
247.8021697998047
230.10202026367188
215.3518829345703
241.90213012695312
230.10202026367188
215.3518829345703
177.00155639648438
197.6517333984375
182.901611328125
206.50181579589844
162.2514190673828
115.05101013183594
141.6012420654297
153.40135192871094
120.95106506347656
126.85111236572266
109.15095520019531
115.05101013183594
94.40082550048828
106.20093536376953
112.10098266601562
91.4508056640625
112.10098266601562
100.3008804321289
88.50077819824219
82.60072326660156
120.95106506347656
94.40082550048828
76.70067596435547
103.25090789794922
61.95054244995117
59.000518798828125
67.85059356689453
79.65069580078125
53.100467681884766
64.90056610107422
76.70067596435547
59.000518798828125
50.15044021606445
56.05049133300781
64.90056610107422
44.250389099121094
38.350337982177734
61.95054244995117
41.30036163330078
70.80062103271484
61.95054244995117
50.15044021606445
53.100467681884766
47.20041275024414
44.250389099121094
26.550233840942383
35.40031051635742
41.30036163330078
47.20041275024414
59.000518798828125
35.40031051635742
38.350337982177734
38.350337982177734
64.90056610107422
97.3508529663086
