210.4971923828125
2696.639892578125
5427.4140625
5632.22216796875
4858.5029296875
3902.73193359375
3069.276611328125
2423.562255859375
2013.9461669921875
1706.7340087890625
1484.858642578125
1282.8951416015625
1373.9208984375
1197.558349609375
1365.38720703125
1274.3614501953125
1265.8277587890625
1422.2783203125
1442.1903076171875
1419.433837890625
1592.9517822265625
1484.858642578125
1550.283447265625
1518.9932861328125
1567.3507080078125
1752.2469482421875
1595.79638671875
1513.30419921875
1646.9984130859375
1555.9725341796875
1558.817138671875
1510.4595947265625
1416.5892333984375
1547.4388427734375
1445.0347900390625
1356.853515625
1368.2318115234375
1325.5634765625
1291.4287109375
1137.82275390625
1240.2266845703125
1117.9107666015625
1120.75537109375
1083.776123046875
1035.418701171875
995.5948486328125
952.926513671875
884.6571655273438
876.1234741210938
841.98876953125
839.1442260742188
736.7401733398438
839.1442260742188
731.0510864257812
756.652099609375
603.0460205078125
685.5381469726562
634.336181640625
571.7559204101562
605.8905639648438
608.7351684570312
500.6419982910156
526.2429809570312
497.79742431640625
512.0202026367188
406.7716064453125
435.2171936035156
378.3260498046875
418.14984130859375
398.2379455566406
335.6576843261719
418.14984130859375
344.1913757324219
369.7923889160156
304.3675842285156
344.1913757324219
270.2328796386719
270.2328796386719
310.0566711425781
315.74578857421875
267.3883361816406
273.07745361328125
295.8338928222656
258.85467529296875
230.4091033935547
224.71998596191406
204.80809020996094
219.03086853027344
201.96353149414062
216.18630981445312
182.0516357421875
190.58529663085938
182.0516357421875
238.94276428222656
190.58529663085938
173.51795959472656
153.60606384277344
190.58529663085938
199.1189727783203
477.8855285644531
