4712.291015625
5651.1279296875
6257.94873046875
6562.34765625
6587.2587890625
6333.28173828125
5800.41455078125
4988.6591796875
3925.634765625
2902.9609375
2095.669189453125
1506.140869140625
1134.37548828125
980.373046875
1044.1336669921875
1325.657470703125
1824.9442138671875
2515.05078125
3201.599609375
3799.2939453125
4307.7685546875
4727.02392578125
5057.0595703125
5297.87646484375
5449.4736328125
5511.8515625
5485.009765625
5368.94873046875
5163.76220703125
4895.79833984375
4627.4130859375
4367.6259765625
4116.43701171875
3873.845458984375
3639.852294921875
3414.456787109375
3197.659423828125
2989.459716796875
2789.858154296875
2598.8544921875
2416.44873046875
2242.640869140625
2077.43115234375
1920.8193359375
1772.8052978515625
1633.3892822265625
1502.5711669921875
1380.35107421875
1266.7288818359375
1161.70458984375
1065.2783203125
977.449951171875
898.2195434570312
827.5870361328125
765.552490234375
712.1159057617188
667.2772216796875
631.0365600585938
603.3937377929688
584.3204345703125
571.112548828125
558.872802734375
547.0851440429688
535.74951171875
524.865966796875
514.4345092773438
504.4551086425781
494.927734375
485.8524475097656
477.229248046875
469.0580749511719
461.3389892578125
454.0719909667969
447.2569885253906
440.89410400390625
434.9832763671875
429.5245361328125
424.517822265625
419.9631652832031
415.860595703125
412.2100830078125
409.01165771484375
406.2652893066406
403.970947265625
402.12872314453125
400.738525390625
399.8004150390625
399.3143615722656
399.2803649902344
399.69842529296875
400.5685729980469
401.8907775878906
403.6650695800781
405.8913879394531
408.5697937011719
411.70025634765625
415.28277587890625
419.3173828125
423.8040466308594
428.74273681640625
