8804.890090942383
5.162596940994263
3.739292651414871
961.4227129817009
2.041361153125763
0.6868593096733093
0.8489657491445541
1.9103560596704483
0.13100509345531464
1.435921311378479
0.0
0.34342965483665466
0.0
0.34342965483665466
0.13100509345531464
0.0
0.0
1.435921311378479
0.34342965483665466
0.0
0.34342965483665466
0.0
0.0
0.13100509345531464
0.0
0.7179606556892395
0.0
0.7179606556892395
0.0
958.6633911132812
0.0
0.0
0.0
0.0
0.0
0.0
0.0
0.0
0.0
0.0
0.0
0.0
0.0
0.0
0.0
0.0
0.0
0.0
0.0
0.0
0.7179606556892395
0.0
0.34342965483665466
0.0
0.0
0.7179606556892395
0.0
0.0
0.34342965483665466
0.7179606556892395
0.0
0.0
0.13100509345531464
0.0
0.0
0.0
0.0
0.0
0.0
0.0
0.0
0.0
0.0
0.0
0.0
0.34342965483665466
0.0
0.0
0.0
0.0
0.0
0.0
0.0
0.0
0.0
0.0
0.0
0.0
0.0
0.0
958.6633911132812
0.0
0.0
0.7179606556892395
0.0
0.0
0.34342965483665466
0.13100509345531464
0.0
0.0
