177.45350646972656
9.919246673583984
4.79628324508667
2.668844699859619
1.3687350749969482
0.8773925304412842
0.7933418154716492
0.7287527918815613
0.6677939295768738
0.6104652285575867
0.5567667484283447
0.5066983699798584
0.46026015281677246
0.4174520671367645
0.37827417254447937
0.3427264392375946
0.31080886721611023
0.28252142667770386
0.25786417722702026
0.23683705925941467
0.21944011747837067
0.20567332208156586
0.19553670287132263
0.18891727924346924
0.18395385146141052
0.17912089824676514
0.17437338829040527
0.16971132159233093
0.1651347130537033
0.1606435626745224
0.15623784065246582
0.15191759169101715
0.147682785987854
0.14353342354297638
0.13946951925754547
0.13549107313156128
0.13159805536270142
0.12779052555561066
0.12406840920448303
0.12043176591396332
0.11688056588172913
0.11341481655836105
0.1100345253944397
0.10673967748880386
0.10353028774261475
0.10040634125471115
0.09736784547567368
0.09441480040550232
0.09154721349477768
0.08876507729291916
0.08606838434934616
0.08345714956521988
0.08093136548995972
0.07849103212356567
0.07613614201545715
0.07386671006679535
0.07168272137641907
0.0695841982960701
0.06757111847400665
0.06564348191022873
0.06380130350589752
0.06204457953572273
0.060373298823833466
0.058787476271390915
0.057287100702524185
0.05587217956781387
0.054542701691389084
0.05329868197441101
0.05214010924100876
0.051066990941762924
0.05007931962609291
0.049177106469869614
0.04836033657193184
0.04762902110815048
0.046983156353235245
0.04642274230718613
0.04594777897000313
0.04555826634168625
0.04525420814752579
0.04503559321165085
0.044902436435222626
0.044854726642370224
0.04489246755838394
0.04501566290855408
0.04522430896759033
0.045518405735492706
0.0458979532122612
0.046362947672605515
0.04691339656710625
0.0475492961704731
0.04827064648270607
0.04907745122909546
0.04996970295906067
0.0509474016726017
0.05201055854558945
0.053159162402153015
0.0543932169675827
0.05571272596716881
0.05711768567562103
0.05860809609293938
