0.0029439497739076614
0.0018758383812382817
0.001381637528538704
0.0014613470993936062
0.001323183299973607
0.0010468558175489306
0.0008502380223944783
0.0012434737291187048
0.0016207663575187325
0.0009086921345442533
0.0009086921345442533
0.0010468558175489306
0.0009086921345442533
0.0004357467405498028
0.000690818764269352
0.0006323646521195769
0.0009086921345442533
0.0011053100461140275
0.0007120742229744792
0.0006323646521195769
0.0011850196169689298
0.0005526550230570138
0.000690818764269352
0.0002763275115285069
0.0008502380223944783
0.000690818764269352
0.000690818764269352
0.0004942008526995778
0.0005526550230570138
0.0004144912527408451
0.0011053100461140275
0.0006323646521195769
0.0002763275115285069
0.0004144912527408451
0.0008289825054816902
0.0005526550230570138
0.0009086921345442533
0.0004144912527408451
0.0005526550230570138
0.0005526550230570138
0.0005526550230570138
0.0004144912527408451
0.0003560371114872396
0.0008289825054816902
0.0010468558175489306
0.0004942008526995778
0.0009086921345442533
0.00013816375576425344
0.0008502380223944783
0.0005526550230570138
0.0004357467405498028
0.0006323646521195769
0.0009086921345442533
0.000690818764269352
0.0009299475932493806
0.0006323646521195769
0.0009299475932493806
0.0005526550230570138
0.0009086921345442533
0.0017376745818182826
0.0007120742229744792
0.0009086921345442533
0.0012434737291187048
0.0009671462466940284
0.0016792205860838294
0.0009671462466940284
0.0012647293042391539
0.0009671462466940284
0.0004144912527408451
0.001206275075674057
0.001323183299973607
0.0010681113926693797
0.001897093839943409
0.0014241484459489584
0.0011850196169689298
0.0024869474582374096
0.001206275075674057
0.0022531310096383095
0.001897093839943409
0.0016792205860838294
0.0022531310096383095
0.0009671462466940284
0.0029864609241485596
0.003815443255007267
0.0016420218162238598
0.0037729323375970125
0.0024497490376234055
0.0015995108988136053
0.003438150743022561
0.004761334042996168
0.0041502248495817184
0.005967609118670225
0.006084517575800419
0.007354559376835823
0.009007211774587631
0.01157918106764555
0.015245836228132248
0.020628903061151505
0.04093896225094795
3.7660508155822754
