10434.4560546875
472.1014099121094
205.59254455566406
111.67990112304688
114.21808624267578
68.53085327148438
43.14905548095703
48.22541427612305
25.38179588317871
32.996334075927734
17.767257690429688
22.843616485595703
22.843616485595703
17.767257690429688
17.767257690429688
12.690897941589355
17.767257690429688
7.614538669586182
17.767257690429688
22.843616485595703
5.076359272003174
7.614538669586182
7.614538669586182
10.152718544006348
7.614538669586182
15.229077339172363
7.614538669586182
10.152718544006348
2.538179636001587
5.076359272003174
12.690897941589355
7.614538669586182
7.614538669586182
7.614538669586182
5.076359272003174
12.690897941589355
5.076359272003174
10.152718544006348
10.152718544006348
5.076359272003174
10.152718544006348
12.690897941589355
5.076359272003174
7.614538669586182
0.0
0.0
5.076359272003174
2.538179636001587
7.614538669586182
7.614538669586182
10.152718544006348
5.076359272003174
0.0
10.152718544006348
0.0
2.538179636001587
2.538179636001587
5.076359272003174
0.0
0.0
0.0
0.0
5.076359272003174
0.0
0.0
0.0
2.538179636001587
2.538179636001587
2.538179636001587
0.0
0.0
12.690897941589355
7.614538669586182
2.538179636001587
2.538179636001587
5.076359272003174
7.614538669586182
0.0
2.538179636001587
2.538179636001587
7.614538669586182
2.538179636001587
2.538179636001587
2.538179636001587
0.0
0.0
5.076359272003174
0.0
0.0
2.538179636001587
0.0
7.614538669586182
5.076359272003174
7.614538669586182
7.614538669586182
0.0
10.152718544006348
0.0
0.0
55.83995056152344
