10525.6923828125
442.5038757324219
168.15147399902344
156.35137939453125
73.75064849853516
76.70067596435547
41.30036163330078
35.40031051635742
32.45028305053711
23.60020637512207
20.65018081665039
20.65018081665039
14.750129699707031
26.550233840942383
23.60020637512207
8.850077629089355
14.750129699707031
11.800103187561035
17.70015525817871
8.850077629089355
17.70015525817871
5.900051593780518
5.900051593780518
5.900051593780518
8.850077629089355
11.800103187561035
0.0
5.900051593780518
2.950025796890259
8.850077629089355
5.900051593780518
14.750129699707031
8.850077629089355
5.900051593780518
2.950025796890259
5.900051593780518
5.900051593780518
2.950025796890259
5.900051593780518
8.850077629089355
11.800103187561035
17.70015525817871
2.950025796890259
2.950025796890259
2.950025796890259
2.950025796890259
5.900051593780518
0.0
11.800103187561035
11.800103187561035
2.950025796890259
5.900051593780518
2.950025796890259
0.0
0.0
2.950025796890259
0.0
5.900051593780518
5.900051593780518
8.850077629089355
2.950025796890259
0.0
0.0
0.0
2.950025796890259
0.0
0.0
8.850077629089355
2.950025796890259
0.0
5.900051593780518
0.0
0.0
2.950025796890259
5.900051593780518
5.900051593780518
0.0
5.900051593780518
5.900051593780518
0.0
8.850077629089355
5.900051593780518
0.0
0.0
2.950025796890259
0.0
0.0
5.900051593780518
0.0
5.900051593780518
2.950025796890259
0.0
5.900051593780518
2.950025796890259
2.950025796890259
8.850077629089355
5.900051593780518
5.900051593780518
0.0
56.05049133300781
