178322.421875
6744.44384765625
2708.01806640625
1638.4647216796875
955.7710571289062
657.0925903320312
531.93212890625
420.994384765625
335.6576843261719
224.71998596191406
167.82884216308594
190.58529663085938
170.67340087890625
119.47138214111328
128.0050506591797
110.93771362304688
119.47138214111328
71.11392211914062
71.11392211914062
88.18125915527344
73.9584732055664
88.18125915527344
59.73569107055664
59.73569107055664
42.66835021972656
42.66835021972656
51.202022552490234
31.290124893188477
39.823795318603516
56.891136169433594
42.66835021972656
54.04657745361328
45.512908935546875
28.445568084716797
25.601011276245117
31.290124893188477
19.911897659301758
25.601011276245117
28.445568084716797
54.04657745361328
25.601011276245117
28.445568084716797
28.445568084716797
11.378227233886719
22.756454467773438
11.378227233886719
14.222784042358398
8.533670425415039
25.601011276245117
22.756454467773438
11.378227233886719
25.601011276245117
11.378227233886719
14.222784042358398
17.067340850830078
11.378227233886719
22.756454467773438
8.533670425415039
14.222784042358398
8.533670425415039
19.911897659301758
22.756454467773438
14.222784042358398
14.222784042358398
25.601011276245117
8.533670425415039
31.290124893188477
2.8445568084716797
11.378227233886719
19.911897659301758
11.378227233886719
5.689113616943359
11.378227233886719
19.911897659301758
8.533670425415039
8.533670425415039
0.0
19.911897659301758
8.533670425415039
8.533670425415039
2.8445568084716797
8.533670425415039
8.533670425415039
5.689113616943359
11.378227233886719
17.067340850830078
25.601011276245117
11.378227233886719
22.756454467773438
11.378227233886719
25.601011276245117
11.378227233886719
11.378227233886719
11.378227233886719
11.378227233886719
17.067340850830078
17.067340850830078
39.823795318603516
31.290124893188477
56.891136169433594
