8799.455078125
641.702392578125
332.0697021484375
190.21560668945312
103.41228485107422
70.42488098144531
64.54440307617188
59.96965408325195
55.64740753173828
51.577659606933594
47.76041030883789
44.19565963745117
40.88340377807617
37.82365417480469
35.01640319824219
32.46165084838867
30.159399032592773
28.109643936157227
26.31239128112793
24.76763916015625
23.475383758544922
22.43562889099121
21.648374557495117
21.105716705322266
20.67746925354004
20.256921768188477
19.84092140197754
19.429471969604492
19.022571563720703
18.620222091674805
18.222421646118164
17.82917022705078
17.44046974182129
17.056320190429688
16.676719665527344
16.301668167114258
15.931168556213379
15.565217018127441
15.203816413879395
14.846964836120605
14.49466323852539
14.146912574768066
13.8037109375
13.465059280395508
13.13095760345459
12.801405906677246
12.476404190063477
12.155951499938965
11.840049743652344
11.528697967529297
11.221895217895508
10.919642448425293
10.621940612792969
10.328787803649902
10.04018497467041
9.756132125854492
9.476629257202148
9.201676368713379
8.931273460388184
8.665419578552246
8.404115676879883
8.14736270904541
7.8951592445373535
7.647505283355713
7.4044013023376465
7.165847301483154
6.9318437576293945
6.702389240264893
6.477485179901123
6.257130146026611
6.04132604598999
5.830070972442627
5.623366832733154
5.4212117195129395
5.223607063293457
5.030551433563232
4.842046737670898
4.658091068267822
4.4786858558654785
4.303830623626709
4.1335248947143555
3.967769145965576
3.806563138961792
3.649907350540161
3.4978010654449463
3.3502449989318848
3.2072386741638184
3.068782329559326
2.934875965118408
2.8055191040039062
2.6807126998901367
2.560455799102783
2.444748878479004
2.3335916996002197
2.2269845008850098
2.124927282333374
2.0274198055267334
1.9344624280929565
1.8460549116134644
1.7621972560882568
