9680.437871456146
338.06053841114044
324.2139039635658
3.437966287136078
1.915490835905075
2.240436226129532
321.83659544587135
1.3914704024791718
0.3930152952671051
0.917035698890686
0.9488694965839386
0.34342965483665466
0.13100509345531464
959.5308411419392
1.4048199653625488
0.4744347482919693
0.4744347482919693
318.68425826728344
0.0
0.13100509345531464
0.0
0.0
0.2620101869106293
0.13100509345531464
0.13100509345531464
0.2620101869106293
0.0
0.8489657491445541
0.0
0.13100509345531464
0.34342965483665466
0.2620101869106293
318.5532531738281
0.13100509345531464
0.2620101869106293
0.0
0.0
0.2620101869106293
0.13100509345531464
0.13100509345531464
0.13100509345531464
0.0
0.0
0.13100509345531464
0.2620101869106293
0.0
0.13100509345531464
0.13100509345531464
0.13100509345531464
0.0
0.34342965483665466
0.0
0.0
0.13100509345531464
0.0
0.13100509345531464
0.0
0.0
0.13100509345531464
0.13100509345531464
0.0
0.0
0.0
0.0
0.2620101869106293
0.0
0.0
0.13100509345531464
0.0
0.13100509345531464
0.0
0.7179606556892395
0.0
0.0
0.0
0.0
0.7179606556892395
0.0
0.8489657491445541
0.0
0.0
0.0
0.0
0.0
0.0
0.0
0.0
0.0
0.0
0.0
0.0
0.0
0.0
0.0
0.0
0.34342965483665466
0.0
0.13100509345531464
0.13100509345531464
0.13100509345531464
