97.69294738769531
26.528554916381836
4.430810451507568
1.558440923690796
2.2111148834228516
2.2703306674957275
2.0390560626983643
1.8100132942199707
1.5951515436172485
1.3944705724716187
1.2079704999923706
1.0356513261795044
0.8775129914283752
0.7335556745529175
0.6037791967391968
0.4881836473941803
0.38676896691322327
0.29953521490097046
0.2264823615550995
0.16761040687561035
0.12291935086250305
0.09240918606519699
0.07607992738485336
0.07347553968429565
0.07708204537630081
0.08074050396680832
0.0842692032456398
0.08766816556453705
0.09093736857175827
0.09407683461904526
0.09708656370639801
0.09996653348207474
0.10271676629781723
0.1053372472524643
0.10782799124717712
0.11018898338079453
0.1124202311038971
0.11452173441648483
0.11649349331855774
0.11833550781011581
0.12004777044057846
0.12163029611110687
0.12308306992053986
0.12440609186887741
0.12559938430786133
0.12666292488574982
0.12759670615196228
0.1284007579088211
0.1290750652551651
0.12961962819099426
0.1300344318151474
0.1303194910287857
0.13047482073307037
0.13050039112567902
0.13039623200893402
0.130162313580513
0.12979865074157715
0.12930524349212646
0.12868207693099976
0.1279291957616806
0.12704655528068542
0.12603417038917542
0.12489202618598938
0.12362015247344971
0.12221851944923401
0.12068714946508408
0.11902604252099991
0.11723517626523972
0.11531457304954529
0.11326421797275543
0.11108411848545074
0.10877427458763123
0.10633468627929688
0.10376535356044769
0.10106627643108368
0.09823744744062424
0.09527888149023056
0.09219056367874146
0.08897250145673752
0.08562469482421875
0.08214714378118515
0.07853984832763672
0.07480280101299286
0.07093600928783417
0.06693948060274124
0.06281320005655289
0.0585571713745594
0.054171402007341385
0.04965588450431824
0.04501062631607056
0.04023561626672745
0.035330865532159805
0.030296368524432182
0.02513212338089943
0.019838133826851845
0.014414400793612003
0.008860920555889606
0.0031776949763298035
-0.002635275712236762
-0.008577992208302021
