3.904240131378174
6.421032905578613
5.578062534332275
6.357517242431641
6.345399856567383
6.6993303298950195
5.999547958374023
5.653696060180664
7.112736701965332
4.393279552459717
4.3257246017456055
6.138696670532227
6.834439277648926
6.488587379455566
5.510507583618164
8.031339645385742
4.814764976501465
4.882319450378418
4.540506839752197
5.375398635864258
4.7472100257873535
4.258170127868652
3.0693483352661133
4.1865763664245605
6.349438667297363
5.164655685424805
3.6975364685058594
5.7172112464904785
5.586141109466553
5.3078436851501465
5.721250534057617
6.285923004150391
4.250092029571533
4.882319450378418
5.44699239730835
6.1467742919921875
3.7650914192199707
6.138696670532227
6.564220428466797
10.12664794921875
4.7472100257873535
6.285923004150391
8.794637680053711
5.303804397583008
4.818803787231445
7.331557273864746
8.591973304748535
6.421032905578613
4.949874401092529
8.727083206176758
5.931993007659912
10.190162658691406
8.098894119262695
8.444746017456055
11.029094696044922
7.8205976486206055
7.681448936462402
7.259963512420654
13.339183807373047
8.031339645385742
9.355271339416504
11.243875503540039
8.727083206176758
11.387063980102539
5.7172112464904785
8.098894119262695
11.514095306396484
13.05280876159668
10.826430320739746
12.003134727478027
14.941411972045898
13.398660659790039
13.128440856933594
16.416610717773438
14.380778312683105
18.579471588134766
16.134273529052734
14.663114547729492
17.239383697509766
19.895326614379883
20.042552947998047
20.73021697998047
20.26137351989746
26.6702880859375
28.360267639160156
30.304309844970703
31.78354835510254
32.20503234863281
38.554473876953125
50.01716995239258
51.20599365234375
66.0163345336914
72.50895690917969
76.2740478515625
94.24149322509766
129.2698974609375
176.71078491210938
271.11566162109375
458.5743408203125
7068.5791015625
