1734.615234375
522.1546020507812
297.9526062011719
174.05152893066406
88.50077819824219
61.95054244995117
67.85059356689453
44.250389099121094
50.15044021606445
35.40031051635742
38.350337982177734
35.40031051635742
20.65018081665039
29.500259399414062
11.800103187561035
11.800103187561035
17.70015525817871
5.900051593780518
8.850077629089355
5.900051593780518
5.900051593780518
11.800103187561035
11.800103187561035
8.850077629089355
5.900051593780518
11.800103187561035
2.950025796890259
11.800103187561035
2.950025796890259
8.850077629089355
2.950025796890259
8.850077629089355
8.850077629089355
2.950025796890259
11.800103187561035
2.950025796890259
14.750129699707031
8.850077629089355
5.900051593780518
2.950025796890259
0.0
8.850077629089355
5.900051593780518
5.900051593780518
5.900051593780518
5.900051593780518
5.900051593780518
2.950025796890259
5.900051593780518
8.850077629089355
0.0
0.0
2.950025796890259
2.950025796890259
5.900051593780518
0.0
2.950025796890259
8.850077629089355
5.900051593780518
2.950025796890259
2.950025796890259
0.0
5.900051593780518
5.900051593780518
2.950025796890259
8.850077629089355
2.950025796890259
0.0
5.900051593780518
5.900051593780518
2.950025796890259
2.950025796890259
0.0
0.0
2.950025796890259
5.900051593780518
2.950025796890259
2.950025796890259
0.0
2.950025796890259
5.900051593780518
2.950025796890259
0.0
2.950025796890259
0.0
5.900051593780518
2.950025796890259
2.950025796890259
5.900051593780518
5.900051593780518
5.900051593780518
2.950025796890259
2.950025796890259
2.950025796890259
2.950025796890259
5.900051593780518
2.950025796890259
20.65018081665039
8.850077629089355
47.20041275024414
