1772.965576171875
533.9547119140625
303.8526611328125
120.95106506347656
97.3508529663086
61.95054244995117
67.85059356689453
61.95054244995117
23.60020637512207
47.20041275024414
32.45028305053711
26.550233840942383
26.550233840942383
14.750129699707031
11.800103187561035
20.65018081665039
8.850077629089355
14.750129699707031
11.800103187561035
8.850077629089355
11.800103187561035
8.850077629089355
2.950025796890259
5.900051593780518
11.800103187561035
5.900051593780518
8.850077629089355
11.800103187561035
8.850077629089355
11.800103187561035
8.850077629089355
5.900051593780518
11.800103187561035
2.950025796890259
2.950025796890259
0.0
2.950025796890259
8.850077629089355
17.70015525817871
11.800103187561035
0.0
2.950025796890259
0.0
2.950025796890259
8.850077629089355
0.0
2.950025796890259
0.0
2.950025796890259
2.950025796890259
8.850077629089355
0.0
5.900051593780518
2.950025796890259
2.950025796890259
5.900051593780518
8.850077629089355
5.900051593780518
0.0
2.950025796890259
2.950025796890259
11.800103187561035
2.950025796890259
5.900051593780518
2.950025796890259
0.0
11.800103187561035
2.950025796890259
2.950025796890259
0.0
0.0
5.900051593780518
5.900051593780518
2.950025796890259
0.0
2.950025796890259
2.950025796890259
0.0
5.900051593780518
2.950025796890259
0.0
5.900051593780518
2.950025796890259
0.0
2.950025796890259
0.0
2.950025796890259
2.950025796890259
8.850077629089355
2.950025796890259
2.950025796890259
8.850077629089355
2.950025796890259
2.950025796890259
5.900051593780518
0.0
5.900051593780518
14.750129699707031
11.800103187561035
50.15044021606445
