21234.615234375
7754.26171875
3771.88232421875
2147.640380859375
1450.7239990234375
1043.9522705078125
759.4966430664062
554.6885375976562
486.419189453125
409.6161804199219
395.3934020996094
273.07745361328125
298.678466796875
216.18630981445312
207.65264892578125
147.9169464111328
173.51795959472656
119.47138214111328
142.22784423828125
150.76150512695312
119.47138214111328
113.78227233886719
91.02581787109375
71.11392211914062
62.58024978637695
85.33670043945312
93.87036895751953
65.4248046875
59.73569107055664
54.04657745361328
73.9584732055664
54.04657745361328
62.58024978637695
59.73569107055664
79.64759063720703
48.35746383666992
34.134681701660156
31.290124893188477
28.445568084716797
51.202022552490234
25.601011276245117
36.9792366027832
51.202022552490234
19.911897659301758
48.35746383666992
34.134681701660156
48.35746383666992
22.756454467773438
31.290124893188477
42.66835021972656
22.756454467773438
31.290124893188477
17.067340850830078
17.067340850830078
17.067340850830078
56.891136169433594
28.445568084716797
14.222784042358398
22.756454467773438
22.756454467773438
25.601011276245117
17.067340850830078
25.601011276245117
22.756454467773438
28.445568084716797
28.445568084716797
17.067340850830078
17.067340850830078
19.911897659301758
34.134681701660156
31.290124893188477
22.756454467773438
22.756454467773438
8.533670425415039
22.756454467773438
17.067340850830078
22.756454467773438
31.290124893188477
19.911897659301758
25.601011276245117
31.290124893188477
17.067340850830078
34.134681701660156
11.378227233886719
25.601011276245117
22.756454467773438
19.911897659301758
19.911897659301758
25.601011276245117
19.911897659301758
36.9792366027832
28.445568084716797
14.222784042358398
48.35746383666992
19.911897659301758
39.823795318603516
42.66835021972656
39.823795318603516
54.04657745361328
130.849609375
