8566.1552734375
1072.265625
153.24658203125
181.36170959472656
116.08474731445312
62.50044631958008
38.898521423339844
85.42121124267578
552.003173828125
277.8419494628906
160.33216857910156
89.96163940429688
43.676822662353516
21.467876434326172
17.5534725189209
16.42340087890625
15.50367546081543
14.794297218322754
14.295266151428223
13.9760103225708
13.699647903442383
13.427889823913574
13.160733222961426
12.898178100585938
12.640225410461426
12.386873245239258
12.13812255859375
11.893974304199219
11.654428482055664
11.419482231140137
11.189139366149902
10.963397026062012
10.742257118225098
10.525718688964844
10.31378173828125
10.106446266174316
9.903712272644043
9.705581665039062
9.51205062866211
9.323122024536133
9.138794898986816
8.959070205688477
8.783946990966797
8.613424301147461
8.447504043579102
8.286186218261719
8.12946891784668
7.977353572845459
7.829839706420898
7.686927795410156
7.548617362976074
7.4149088859558105
7.285801887512207
7.161296367645264
7.0413923263549805
6.926090240478516
6.815389633178711
6.709290981292725
6.607793807983398
6.510898590087891
6.418604850769043
6.330913066864014
6.247822284698486
6.169332981109619
6.0954461097717285
6.026160717010498
5.961476802825928
5.901394844055176
5.845914363861084
5.795035362243652
5.748757839202881
5.707082271575928
5.670008659362793
5.637536525726318
5.609665393829346
5.58639669418335
5.567729473114014
5.55366325378418
5.5441999435424805
5.539337158203125
5.539076805114746
5.543417453765869
5.5523600578308105
5.56590461730957
5.584050178527832
5.606797695159912
5.6341471672058105
5.666098117828369
5.702650547027588
5.743804931640625
5.789560794830322
5.83991813659668
5.8948774337768555
5.954438209533691
6.018600940704346
6.08736515045166
6.160730838775635
6.238698482513428
6.321267604827881
6.408438205718994
