191735.6879272461
8771.788204193115
7085.280529022217
48.77143931388855
1622.4711639881134
336.92623567581177
17.57433557510376
12.77292001247406
8.67098093032837
7.728710770606995
7.072953104972839
325.76982831954956
5.3565371334552765
5.013107448816299
3.7208083122968674
7.166989475488663
2.0102597773075104
321.3125750422478
323.8913061618805
3.5587019324302673
321.7870098054409
3.2337566316127777
3.3462773710489273
1.5358250588178635
2.5972153395414352
3.527600646018982
1.1923954039812088
4.276662528514862
4.669677823781967
1.5358250588178635
2.8407413363456726
0.7179606556892395
1.0613903105258942
2.4662102460861206
0.6868593096733093
0.7179606556892395
0.7179606556892395
0.4744347482919693
0.0
0.13100509345531464
1.9103560596704483
0.7179606556892395
0.9799708425998688
0.8489657491445541
2.1227806210517883
0.8674500286579132
2.1538820266723633
0.4744347482919693
1.5669264048337936
1278.9959952533245
1.0302889347076416
0.8489657491445541
0.8489657491445541
0.7179606556892395
1.0613903105258942
0.9799708425998688
0.7179606556892395
0.0
0.34342965483665466
0.34342965483665466
0.0
0.7179606556892395
0.6868593096733093
0.7179606556892395
0.7179606556892395
0.0
958.6633911132812
0.2620101869106293
0.9799708425998688
0.13100509345531464
1.0613903105258942
0.13100509345531464
3.9021315574645996
1.0613903105258942
1.0613903105258942
0.7179606556892395
0.0
0.13100509345531464
0.0
1.0613903105258942
1.1923954039812088
0.8489657491445541
0.0
1.1923954039812088
2.871842622756958
1.0613903105258942
0.4744347482919693
0.8489657491445541
2.041361153125763
2.1227806210517883
320.1201795786619
0.0
2.1227806210517883
3.0028477162122726
3.184170961380005
0.6868593096733093
0.7179606556892395
1.5358250588178635
2.6283167749643326
17.74979105591774
