2632.102783203125
211.0577850341797
107.09590148925781
54.465782165527344
22.691036224365234
11.302517890930176
10.152764320373535
9.439204216003418
8.761688232421875
8.120216369628906
7.51478910446167
6.945405960083008
6.412067413330078
5.9147725105285645
5.453522682189941
5.028316020965576
4.63915491104126
4.286036968231201
3.968964099884033
3.6879351139068604
3.442950487136841
3.2340102195739746
3.0611140727996826
2.9232125282287598
2.8030052185058594
2.6863131523132324
2.5727174282073975
2.4622180461883545
2.3548150062561035
2.2505085468292236
2.1492984294891357
2.051184892654419
1.9561675786972046
1.8642468452453613
1.77542245388031
1.6896946430206299
1.6070631742477417
1.5275282859802246
1.45108962059021
1.3777475357055664
1.3075017929077148
1.2403526306152344
1.1762996912002563
1.115343451499939
1.0574835538864136
1.0027199983596802
0.9510529041290283
0.902482271194458
0.8570080995559692
0.8146303296089172
0.7753490209579468
0.7391641736030579
0.7060757279396057
0.6760838031768799
0.6491882801055908
0.6253891587257385
0.604686439037323
0.5870802402496338
0.5725704431533813
0.5611570477485657
0.5528401732444763
0.547619640827179
0.5454956293106079
0.5464680194854736
0.5505368113517761
0.5577021241188049
0.5679638385772705
0.5813219547271729
0.5977765321731567
0.6173275709152222
0.6399750113487244
0.6657189130783081
0.6945592761039734
0.7264960408210754
0.761529266834259
0.7996588945388794
0.8408850431442261
0.8852075934410095
0.9326265454292297
0.9831419587135315
1.03675377368927
1.0934621095657349
1.1532667875289917
1.2161680459976196
1.28216552734375
1.3512595891952515
1.423449993133545
1.4987369775772095
1.577120304107666
1.6586002111434937
1.7431763410568237
1.830849051475525
1.921618103981018
2.0154836177825928
2.112445831298828
2.2125041484832764
2.3156590461730957
2.421910285949707
2.5312581062316895
2.643702268600464
