0.02297244779765606
0.019601712003350258
0.015567720867693424
0.01589934714138508
0.012955248355865479
0.014217006042599678
0.01573353447020054
0.011693491600453854
0.00866648554801941
0.008328806608915329
0.00908707082271576
0.009590563364326954
0.008411712944507599
0.00454353541135788
0.007825314067304134
0.008328806608915329
0.007067049387842417
0.006308784708380699
0.009341842494904995
0.004964121151715517
0.008411712944507599
0.0067293704487383366
0.008328806608915329
0.006984142120927572
0.006563556846231222
0.006142971105873585
0.006225878372788429
0.008749391883611679
0.007908220402896404
0.007487635128200054
0.0042058564722537994
0.006142971105873585
0.009679521434009075
0.008328806608915329
0.008245899342000484
0.0073218210600316525
0.009507657028734684
0.0060600643046200275
0.006563556846231222
0.01026592031121254
0.008328806608915329
0.00454353541135788
0.006308784708380699
0.005722385365515947
0.007149956189095974
0.009169978089630604
0.007991127669811249
0.013038155622780323
0.014975270256400108
0.008921257220208645
0.005722385365515947
0.007991127669811249
0.006308784708380699
0.006480650044977665
0.006901235785335302
0.008328806608915329
0.008328806608915329
0.008832299150526524
0.00984533503651619
0.00908707082271576
0.009507657028734684
0.007908220402896404
0.008328806608915329
0.013547698967158794
0.011272906325757504
0.011189999058842659
0.010686506517231464
0.00908707082271576
0.012203034944832325
0.01565062813460827
0.01270652748644352
0.012955248355865479
0.014217006042599678
0.017415877431631088
0.01590539887547493
0.013879327103495598
0.013547698967158794
0.011865356005728245
0.01842891238629818
0.021959412842988968
0.019856484606862068
0.02187650464475155
0.022883491590619087
0.026082361117005348
0.025910496711730957
0.02869483456015587
0.02617131918668747
0.03256906196475029
0.0445941798388958
0.030460083857178688
0.04249730333685875
0.061174940317869186
0.061761338263750076
0.07303424179553986
0.081623874604702
0.11098801344633102
0.15575405955314636
0.2537747323513031
0.44130510091781616
24.341487884521484
