56846.453125
4504.8984375
1684.636474609375
1025.3218994140625
709.4525756835938
481.32470703125
360.9935302734375
270.7451477050781
198.04505920410156
195.5381622314453
167.96226501464844
155.42776489257812
97.76908111572266
135.37257385253906
130.3587646484375
52.64488983154297
82.7276840209961
82.7276840209961
75.20698547363281
75.20698547363281
65.17938232421875
65.17938232421875
72.70008087158203
57.658687591552734
60.16558837890625
32.589691162109375
45.12419128417969
27.57589340209961
50.13798904418945
47.63108825683594
32.589691162109375
27.57589340209961
30.082794189453125
55.15178680419922
30.082794189453125
37.603492736816406
30.082794189453125
15.041397094726562
35.09659194946289
32.589691162109375
17.548295974731445
22.562095642089844
22.562095642089844
25.068994522094727
37.603492736816406
25.068994522094727
5.013798713684082
32.589691162109375
12.534497261047363
17.548295974731445
17.548295974731445
20.055194854736328
20.055194854736328
25.068994522094727
12.534497261047363
5.013798713684082
7.520698547363281
22.562095642089844
15.041397094726562
12.534497261047363
22.562095642089844
10.027597427368164
17.548295974731445
5.013798713684082
15.041397094726562
7.520698547363281
15.041397094726562
30.082794189453125
20.055194854736328
15.041397094726562
20.055194854736328
25.068994522094727
17.548295974731445
20.055194854736328
17.548295974731445
20.055194854736328
15.041397094726562
12.534497261047363
22.562095642089844
20.055194854736328
5.013798713684082
20.055194854736328
10.027597427368164
7.520698547363281
37.603492736816406
17.548295974731445
12.534497261047363
7.520698547363281
2.506899356842041
10.027597427368164
7.520698547363281
20.055194854736328
12.534497261047363
37.603492736816406
55.15178680419922
12.534497261047363
25.068994522094727
32.589691162109375
72.70008087158203
180.49676513671875
