57327.8515625
4324.73779296875
1598.9140625
1026.6090087890625
646.0556640625
477.9042053222656
351.0530700683594
262.55230712890625
200.6017608642578
185.8516387939453
153.40135192871094
132.75115966796875
126.85111236572266
153.40135192871094
85.55075073242188
73.75064849853516
79.65069580078125
70.80062103271484
79.65069580078125
64.90056610107422
61.95054244995117
50.15044021606445
61.95054244995117
53.100467681884766
67.85059356689453
44.250389099121094
50.15044021606445
26.550233840942383
53.100467681884766
35.40031051635742
38.350337982177734
35.40031051635742
32.45028305053711
20.65018081665039
44.250389099121094
11.800103187561035
32.45028305053711
26.550233840942383
20.65018081665039
20.65018081665039
17.70015525817871
29.500259399414062
11.800103187561035
23.60020637512207
38.350337982177734
29.500259399414062
17.70015525817871
26.550233840942383
14.750129699707031
20.65018081665039
17.70015525817871
26.550233840942383
11.800103187561035
5.900051593780518
8.850077629089355
5.900051593780518
14.750129699707031
14.750129699707031
23.60020637512207
17.70015525817871
11.800103187561035
8.850077629089355
23.60020637512207
14.750129699707031
14.750129699707031
5.900051593780518
14.750129699707031
23.60020637512207
17.70015525817871
26.550233840942383
20.65018081665039
14.750129699707031
20.65018081665039
14.750129699707031
17.70015525817871
14.750129699707031
11.800103187561035
8.850077629089355
5.900051593780518
20.65018081665039
14.750129699707031
14.750129699707031
20.65018081665039
11.800103187561035
23.60020637512207
20.65018081665039
17.70015525817871
5.900051593780518
5.900051593780518
2.950025796890259
5.900051593780518
17.70015525817871
5.900051593780518
26.550233840942383
53.100467681884766
23.60020637512207
35.40031051635742
20.65018081665039
73.75064849853516
191.75167846679688
