338123.9375
33033.8359375
12700.9462890625
7065.87890625
4312.34814453125
3077.810302734375
2287.023681640625
1709.57861328125
1376.7655029296875
1183.3355712890625
907.41357421875
921.6364135742188
719.6728515625
648.5589599609375
574.6004638671875
540.4657592773438
463.6627502441406
375.4814758300781
378.3260498046875
378.3260498046875
344.1913757324219
327.1240234375
281.6111145019531
284.4556884765625
253.16555786132812
278.7665710449219
221.87542724609375
196.2744140625
199.1189727783203
150.76150512695312
173.51795959472656
136.53872680664062
142.22784423828125
145.0723876953125
130.849609375
139.38328552246094
93.87036895751953
122.3159408569336
128.0050506591797
116.62682342529297
105.24859619140625
99.55948638916016
91.02581787109375
73.9584732055664
91.02581787109375
91.02581787109375
88.18125915527344
76.80303192138672
85.33670043945312
99.55948638916016
79.64759063720703
73.9584732055664
68.26936340332031
85.33670043945312
99.55948638916016
62.58024978637695
76.80303192138672
71.11392211914062
76.80303192138672
73.9584732055664
59.73569107055664
71.11392211914062
68.26936340332031
48.35746383666992
79.64759063720703
79.64759063720703
68.26936340332031
65.4248046875
39.823795318603516
68.26936340332031
51.202022552490234
71.11392211914062
71.11392211914062
42.66835021972656
68.26936340332031
45.512908935546875
48.35746383666992
54.04657745361328
82.49214935302734
56.891136169433594
54.04657745361328
36.9792366027832
54.04657745361328
56.891136169433594
76.80303192138672
56.891136169433594
51.202022552490234
59.73569107055664
45.512908935546875
48.35746383666992
39.823795318603516
62.58024978637695
62.58024978637695
73.9584732055664
71.11392211914062
73.9584732055664
73.9584732055664
91.02581787109375
156.45062255859375
290.144775390625
