176588.1875
9450.9951171875
4074.650634765625
1382.35400390625
1090.2310791015625
970.218017578125
858.673583984375
755.5977172851562
660.9904174804688
574.851806640625
497.1817626953125
427.9803161621094
367.2474670410156
314.9832458496094
271.1875915527344
235.86058044433594
209.0021514892578
190.61233520507812
180.6911163330078
177.98101806640625
176.85226440429688
175.72994995117188
174.61399841308594
173.50440979003906
172.40118408203125
171.30433654785156
170.21385192871094
169.12973022460938
168.0519561767578
166.98057556152344
165.91555786132812
164.85690307617188
163.80462646484375
162.75869750976562
161.71913146972656
160.68594360351562
159.65911865234375
158.638671875
157.62457275390625
156.61685180664062
155.615478515625
154.6204833984375
153.63186645507812
152.64959716796875
151.6737060546875
150.7041778564453
149.7410125732422
148.78421020507812
147.8337860107422
146.8897247314453
145.9520263671875
145.0207061767578
144.09571838378906
143.1771240234375
142.264892578125
141.35902404785156
140.4595184326172
139.56640625
138.67962646484375
137.79922485351562
136.92518615722656
136.05751037597656
135.1962127685547
134.34127807617188
133.49270629882812
132.6505126953125
131.81466674804688
130.98519897460938
130.16207885742188
129.34535217285156
128.53497314453125
127.73097229003906
126.9333267211914
126.14205932617188
125.35714721679688
124.57860565185547
123.80642700195312
123.0406265258789
122.28117370605469
121.52809143066406
120.78138732910156
120.0410385131836
119.30706024169922
118.57945251464844
117.85820770263672
117.14332580566406
116.434814453125
115.732666015625
115.0368881225586
114.34746551513672
113.66442108154297
112.98773956298828
112.31742095947266
111.65347290039062
110.99588775634766
110.34467315673828
109.69981384277344
109.06133270263672
108.42921447753906
107.803466796875
