7197.629180908203
1288.1147119998932
320.84400749206543
2.646800994873047
1.435921311378479
1.1612940281629562
0.4744347482919693
0.13100509345531464
0.3930152952671051
2.871842622756958
0.13100509345531464
0.8489657491445541
0.7179606556892395
1.1923954039812088
1.0613903105258942
959.0068207681179
0.0
0.0
0.13100509345531464
0.7179606556892395
1.435921311378479
0.13100509345531464
0.0
0.0
0.0
1.0613903105258942
0.0
0.13100509345531464
0.0
0.13100509345531464
0.34342965483665466
0.0
0.0
0.0
0.0
0.34342965483665466
0.0
0.0
0.0
0.7179606556892395
0.0
0.34342965483665466
0.0
0.0
0.0
0.0
0.7179606556892395
0.13100509345531464
0.0
958.6633911132812
0.0
0.0
0.0
0.0
0.0
0.0
0.0
0.0
0.0
0.0
0.0
0.0
0.0
0.7179606556892395
0.7179606556892395
0.34342965483665466
0.0
0.0
0.0
0.0
0.0
0.0
0.0
0.0
0.7179606556892395
0.0
0.0
0.6868593096733093
0.0
1.5669264048337936
0.0
0.0
0.0
0.0
0.0
0.0
0.0
0.0
0.0
0.0
0.0
0.34342965483665466
0.0
0.0
0.0
0.0
0.0
958.6633911132812
0.7179606556892395
0.4744347482919693
