173.74069213867188
9.728191375732422
3.411405086517334
3.5267560482025146
1.5952643156051636
1.1676082611083984
0.8150328397750854
0.7976321578025818
1.2470369338989258
0.13275183737277985
0.6159051060676575
0.13275183737277985
0.06637591868638992
1.3493353128433228
0.43200403451919556
0.0
0.7976321578025818
0.4983799457550049
0.0
0.06637591868638992
0.06637591868638992
0.36562812328338623
0.5495291948318481
0.06637591868638992
0.36562812328338623
0.36562812328338623
0.06637591868638992
0.0
0.0
0.18390104174613953
0.18390104174613953
0.06637591868638992
0.0
0.18390104174613953
0.25027695298194885
0.0
0.06637591868638992
0.36562812328338623
0.18390104174613953
0.0
0.0
0.0
0.0
0.0
0.06637591868638992
0.0
0.0
0.0
0.06637591868638992
0.18390104174613953
0.36562812328338623
0.0
0.0
0.0
0.0
0.13275183737277985
0.0
0.06637591868638992
0.5495291948318481
0.0
0.0
0.18390104174613953
0.0
0.0
0.0
0.5495291948318481
0.0
0.0
0.36562812328338623
0.0
0.0
0.36562812328338623
0.5495291948318481
0.36562812328338623
0.0
0.0
0.36562812328338623
0.31665289402008057
0.0
0.43200403451919556
0.06637591868638992
0.0
0.0
0.06637591868638992
0.0
0.0
0.0
0.0
0.0
0.0
0.0
0.9815332293510437
0.0
0.0
0.18390104174613953
0.18390104174613953
0.18390104174613953
0.0
0.36562812328338623
0.25027695298194885
