0.03131259232759476
0.03523769974708557
0.038668692111968994
0.03232097253203392
0.018380172550678253
0.02395649254322052
0.02269097976386547
0.015592013485729694
0.011281207203865051
0.011152639985084534
0.02395649254322052
0.018380172550678253
0.015592013485729694
0.014069367200136185
0.011409773491322994
0.018380172550678253
0.015334879979491234
0.011152639985084534
0.012675287202000618
0.009758559986948967
0.01014425978064537
0.011152639985084534
0.014069367200136185
0.008493047207593918
0.01850873976945877
0.018380172550678253
0.013940799981355667
0.015720579773187637
0.012932419776916504
0.012803853489458561
0.011409773491322994
0.015592013485729694
0.017114659771323204
0.011152639985084534
0.01863730698823929
0.021296899765729904
0.018251607194542885
0.018380172550678253
0.008493047207593918
0.018894441425800323
0.017114659771323204
0.01014425978064537
0.015463447198271751
0.01724322699010372
0.012803853489458561
0.012675287202000618
0.008493047207593918
0.011152639985084534
0.018251607194542885
0.015592013485729694
0.007227533496916294
0.011281207203865051
0.02155403420329094
0.015592013485729694
0.011409773491322994
0.012803853489458561
0.0125467199832201
0.021039767190814018
0.014197933487594128
0.01850873976945877
0.016986094415187836
0.017114659771323204
0.015849146991968155
0.01850873976945877
0.01432649977505207
0.014197933487594128
0.022433847188949585
0.019517119973897934
0.017114659771323204
0.021296899765729904
0.03600909933447838
0.025350574404001236
0.024342194199562073
0.03131259232759476
0.028395866975188255
0.04019134119153023
0.04119972139596939
0.03270667418837547
0.041585419327020645
0.03169829398393631
0.04729031026363373
0.057691700756549835
0.051601115614175797
0.04842725396156311
0.05679173395037651
0.061231110244989395
0.06933845579624176
0.04829868674278259
0.07377782464027405
0.08239944279193878
0.10433917492628098
0.11308935284614563
0.11105243861675262
0.153389111161232
0.17507171630859375
0.2624247670173645
0.3758998513221741
0.4964537024497986
0.9348905086517334
56.88346862792969
