9540.3837890625
731.6064453125
327.452880859375
203.55178833007812
132.75115966796875
112.10098266601562
67.85059356689453
44.250389099121094
56.05049133300781
61.95054244995117
23.60020637512207
38.350337982177734
32.45028305053711
35.40031051635742
32.45028305053711
29.500259399414062
20.65018081665039
8.850077629089355
5.900051593780518
5.900051593780518
17.70015525817871
14.750129699707031
0.0
14.750129699707031
8.850077629089355
17.70015525817871
2.950025796890259
14.750129699707031
11.800103187561035
5.900051593780518
17.70015525817871
11.800103187561035
17.70015525817871
5.900051593780518
2.950025796890259
5.900051593780518
8.850077629089355
14.750129699707031
2.950025796890259
8.850077629089355
2.950025796890259
8.850077629089355
11.800103187561035
5.900051593780518
5.900051593780518
5.900051593780518
8.850077629089355
2.950025796890259
8.850077629089355
17.70015525817871
2.950025796890259
5.900051593780518
11.800103187561035
0.0
8.850077629089355
5.900051593780518
5.900051593780518
20.65018081665039
11.800103187561035
0.0
8.850077629089355
8.850077629089355
8.850077629089355
14.750129699707031
2.950025796890259
0.0
2.950025796890259
2.950025796890259
0.0
2.950025796890259
5.900051593780518
2.950025796890259
5.900051593780518
0.0
5.900051593780518
2.950025796890259
8.850077629089355
5.900051593780518
0.0
5.900051593780518
8.850077629089355
5.900051593780518
2.950025796890259
8.850077629089355
2.950025796890259
5.900051593780518
2.950025796890259
8.850077629089355
5.900051593780518
2.950025796890259
11.800103187561035
11.800103187561035
5.900051593780518
2.950025796890259
2.950025796890259
8.850077629089355
2.950025796890259
8.850077629089355
17.70015525817871
64.90056610107422
