9522.68359375
708.0062255859375
374.6532897949219
153.40135192871094
150.45132446289062
97.3508529663086
91.4508056640625
61.95054244995117
41.30036163330078
32.45028305053711
35.40031051635742
38.350337982177734
67.85059356689453
29.500259399414062
14.750129699707031
20.65018081665039
11.800103187561035
32.45028305053711
14.750129699707031
8.850077629089355
14.750129699707031
8.850077629089355
11.800103187561035
5.900051593780518
14.750129699707031
17.70015525817871
11.800103187561035
17.70015525817871
8.850077629089355
14.750129699707031
5.900051593780518
11.800103187561035
5.900051593780518
2.950025796890259
5.900051593780518
2.950025796890259
8.850077629089355
2.950025796890259
8.850077629089355
8.850077629089355
8.850077629089355
14.750129699707031
0.0
2.950025796890259
17.70015525817871
8.850077629089355
5.900051593780518
0.0
17.70015525817871
8.850077629089355
2.950025796890259
8.850077629089355
11.800103187561035
2.950025796890259
11.800103187561035
5.900051593780518
11.800103187561035
5.900051593780518
8.850077629089355
17.70015525817871
2.950025796890259
2.950025796890259
5.900051593780518
11.800103187561035
2.950025796890259
11.800103187561035
5.900051593780518
5.900051593780518
0.0
2.950025796890259
2.950025796890259
2.950025796890259
2.950025796890259
8.850077629089355
5.900051593780518
0.0
2.950025796890259
5.900051593780518
0.0
0.0
20.65018081665039
0.0
2.950025796890259
2.950025796890259
14.750129699707031
2.950025796890259
5.900051593780518
8.850077629089355
2.950025796890259
8.850077629089355
8.850077629089355
2.950025796890259
5.900051593780518
14.750129699707031
0.0
2.950025796890259
8.850077629089355
5.900051593780518
11.800103187561035
70.80062103271484
