167147.3125
10746.0029296875
4079.955322265625
2375.279052734375
1597.452392578125
1166.739990234375
830.5299072265625
672.4202270507812
585.1873779296875
457.97271728515625
425.2603759765625
374.37451171875
256.24664306640625
261.6986999511719
218.08224487304688
241.70782470703125
181.73519897460938
156.2922821044922
170.83108520507812
152.65757751464844
101.77171325683594
145.38816833496094
101.77171325683594
118.12788391113281
121.76258850097656
103.58906555175781
61.78997039794922
76.32878875732422
63.607322692871094
78.1461410522461
61.78997039794922
67.24202728271484
58.15526580810547
67.24202728271484
50.88585662841797
63.607322692871094
61.78997039794922
56.337913513183594
50.88585662841797
52.703208923339844
43.61644744873047
45.433799743652344
58.15526580810547
36.347042083740234
23.62557601928711
41.799095153808594
36.347042083740234
43.61644744873047
36.347042083740234
43.61644744873047
27.26028060913086
38.16439437866211
29.077632904052734
29.077632904052734
32.712337493896484
25.442928314208984
43.61644744873047
30.89498519897461
32.712337493896484
27.26028060913086
30.89498519897461
27.26028060913086
27.26028060913086
30.89498519897461
23.62557601928711
34.52968978881836
21.808223724365234
21.808223724365234
29.077632904052734
27.26028060913086
27.26028060913086
23.62557601928711
23.62557601928711
39.98174285888672
21.808223724365234
27.26028060913086
30.89498519897461
19.99087142944336
23.62557601928711
23.62557601928711
19.99087142944336
39.98174285888672
12.721464157104492
21.808223724365234
30.89498519897461
23.62557601928711
18.173521041870117
23.62557601928711
23.62557601928711
30.89498519897461
29.077632904052734
19.99087142944336
30.89498519897461
34.52968978881836
34.52968978881836
45.433799743652344
30.89498519897461
58.15526580810547
56.337913513183594
147.2055206298828
