7604.73046875
1782.2998046875
94.68465423583984
61.608760833740234
67.8996353149414
71.38833618164062
72.07484436035156
69.95917510986328
65.21498107910156
59.67574691772461
54.441951751708984
49.528560638427734
44.935569763183594
40.662986755371094
36.7108039855957
33.07902526855469
29.767650604248047
26.77667999267578
24.106111526489258
21.75594711303711
19.72618865966797
18.01683235168457
16.627880096435547
15.559330940246582
14.811184883117676
14.383443832397461
14.276106834411621
14.489171981811523
15.022302627563477
15.779973983764648
16.53612518310547
17.258060455322266
17.945777893066406
18.599279403686523
19.218563079833984
19.80362892150879
20.35447883605957
20.871112823486328
21.35352897644043
21.801725387573242
22.215707778930664
22.59547233581543
22.94101905822754
23.252347946166992
23.529460906982422
23.772357940673828
23.981037139892578
24.155498504638672
24.295743942260742
24.401771545410156
24.473581314086914
24.51117515563965
24.514551162719727
24.48371124267578
24.418651580810547
24.319377899169922
24.185884475708008
24.018177032470703
23.81624984741211
23.580106735229492
23.30974769592285
23.005168914794922
22.6663761138916
22.293363571166992
21.88613510131836
21.44468879699707
20.969026565551758
20.45914649963379
19.915050506591797
19.336734771728516
18.724205017089844
18.077455520629883
17.3964900970459
16.68130874633789
15.931909561157227
15.148293495178223
14.330459594726562
13.478408813476562
12.592140197753906
11.671655654907227
10.716954231262207
9.728034973144531
8.704898834228516
7.647545337677002
6.555975437164307
5.430188179016113
4.27018404006958
3.0759623050689697
1.84752357006073
0.5848679542541504
-0.7120048403739929
-2.0430946350097656
-3.4084014892578125
-4.807925224304199
-6.241666793823242
-7.709624767303467
-9.211800575256348
-10.74819278717041
-12.318801879882812
-13.923627853393555
