106243.16661071777
45017.59947967529
11629.23550415039
6448.245248794556
5146.695481300354
3856.282569885254
3215.3720059394836
2887.904215812683
2254.9433975219727
12.865341663360596
647.1488585472107
644.6412769556046
7.422250032424927
8.302316904067993
644.6723784208298
1280.3563643097878
3.2211395502090454
323.8157538175583
963.5010427236557
4.119690895080566
1920.8410332202911
1.828936606645584
320.7752050757408
321.41247871518135
3.1523371636867523
2.0102597773075104
2.8777098655700684
638.3173860311508
0.6550254821777344
960.5922314524651
1.4544056057929993
2.1227806210517883
0.5240203738212585
1.5039912462234497
1.3234004974365234
0.817864403128624
1.7349000573158264
1.1923954039812088
319.7952342033386
1596.5063424110413
1.0613903105258942
1.4544056057929993
959.1874114871025
0.9799708425998688
0.8489657491445541
1.0798746049404144
1.4048199653625488
959.5308411419392
0.2620101869106293
0.7860305905342102
0.8489657491445541
0.817864403128624
0.6054398417472839
0.4744347482919693
1.1612940281629562
0.9799708425998688
0.6868593096733093
1.1923954039812088
0.4744347482919693
0.3930152952671051
0.8489657491445541
318.81526336073875
0.7179606556892395
0.4744347482919693
2.4158922135829926
0.2620101869106293
1.3234004974365234
0.3930152952671051
0.13100509345531464
1.3729861378669739
958.7943962067366
959.3502504229546
319.66422912478447
1.1923954039812088
0.0
0.13100509345531464
1.3234004974365234
1.1923954039812088
958.7943962067366
0.8489657491445541
1.2108796834945679
319.8455522954464
959.6122606098652
0.13100509345531464
0.3930152952671051
1.1923954039812088
1.797835260629654
1.0613903105258942
0.0
0.8489657491445541
2.1538820266723633
0.6054398417472839
0.3930152952671051
0.9799708425998688
0.3930152952671051
3.464665412902832
320.0076587796211
0.2620101869106293
0.3930152952671051
10.943983435630798
