635.2272338867188
364.9718017578125
142.08084106445312
71.37763214111328
43.47306823730469
31.86611557006836
24.395675659179688
18.015819549560547
15.591684341430664
12.581664085388184
12.500616073608398
7.608184814453125
6.41884708404541
7.476048469543457
8.182427406311035
4.258874893188477
3.712982654571533
3.437833309173584
4.219228744506836
3.258026123046875
3.4616689682006836
3.6181893348693848
3.399393320083618
2.1123008728027344
2.4107370376586914
2.977503538131714
3.157310724258423
0.9286844730377197
1.2918083667755127
1.990053415298462
1.4349303245544434
1.5070942640304565
1.6990935802459717
1.5187376737594604
0.3026033341884613
1.3150951862335205
1.591450572013855
1.0968480110168457
0.7366852164268494
1.2074520587921143
1.8556138277053833
2.0371756553649902
0.5667665600776672
1.2178893089294434
1.6147372722625732
1.1690120697021484
1.5070942640304565
0.8681637644767761
1.2766549587249756
0.27756160497665405
0.8681637644767761
1.0363273620605469
0.3986029326915741
1.000848412513733
0.7232868075370789
1.2533683776855469
0.8326847553253174
1.2766549587249756
0.7012063264846802
0.18156199157238007
0.06052066385746002
0.6272872090339661
1.0479706525802612
1.1690120697021484
2.1815037727355957
0.8309297561645508
1.8067364692687988
0.27756160497665405
0.6878079175949097
0.9537261128425598
0.3986029326915741
0.6627660989761353
0.3380822539329529
0.27756160497665405
0.7232868075370789
0.6272872090339661
1.10849130153656
1.0730124711990356
0.4591236114501953
0.21704094111919403
0.8076431155204773
1.409888505935669
0.6272872090339661
1.2295327186584473
0.5062458515167236
0.37356120347976685
1.7124919891357422
0.6627660989761353
0.8443281650543213
0.5417248010635376
2.131420373916626
0.8192864656448364
0.5667665600776672
1.1335331201553345
1.6886563301086426
2.4695024490356445
1.965011715888977
1.3756158351898193
1.6886563301086426
9.528284072875977
