10.263015747070312
9.968812942504883
11.922414779663086
12.144388198852539
13.463809967041016
12.968796730041504
9.417444229125977
10.530763626098633
8.638810157775879
9.690483093261719
11.783248901367188
10.252433776855469
11.22658920288086
11.932994842529297
9.778583526611328
10.747447967529297
12.91244125366211
10.669929504394531
7.669946193695068
14.855459213256836
9.345216751098633
7.3140974044799805
9.345216751098633
11.644084930419922
9.840229988098145
8.994658470153809
12.050996780395508
8.231897354125977
8.582454681396484
12.010513305664062
12.649982452392578
10.61357307434082
11.092714309692383
10.113269805908203
11.237171173095703
11.99464225769043
14.247735023498535
12.556591987609863
11.726893424987793
13.185480117797852
9.701065063476562
11.938285827636719
12.845503807067871
13.680493354797363
13.469100952148438
13.458518981933594
12.917732238769531
14.170215606689453
10.675220489501953
13.47439193725586
12.211324691772461
8.226606369018555
14.097989082336426
13.803786277770996
17.02574348449707
16.2576904296875
17.304073333740234
13.463809967041016
16.886577606201172
20.437931060791016
18.077417373657227
15.690450668334961
19.54129409790039
16.262981414794922
19.613523483276367
17.649341583251953
17.448528289794922
21.288793563842773
21.500186920166016
21.989910125732422
22.463760375976562
21.63935089111328
25.602909088134766
25.535968780517578
25.907691955566406
29.386816024780273
32.525962829589844
33.86655044555664
31.490161895751953
38.969879150390625
33.86655044555664
31.953432083129883
40.8300895690918
43.412574768066406
53.573463439941406
48.938690185546875
55.578125
62.01145935058594
56.72664260864258
67.73310089111328
84.54216003417969
98.89915466308594
111.87324523925781
134.46212768554688
158.0286407470703
187.42074584960938
271.1649475097656
408.0018615722656
765.4056396484375
9107.9033203125
