7750.95361328125
3575.255126953125
1958.29296875
1056.3819580078125
789.7950439453125
610.409423828125
436.0067138671875
291.50164794921875
296.48455810546875
251.63816833496094
189.3514862060547
166.92828369140625
127.06481170654297
97.1672134399414
107.1330795288086
87.20133972167969
97.1672134399414
87.20133972167969
64.77813720703125
82.2184066772461
54.81227111816406
52.320804595947266
49.82933807373047
54.81227111816406
47.33787155151367
44.846405029296875
29.89760398864746
52.320804595947266
19.93173599243164
22.423202514648438
22.423202514648438
32.389068603515625
14.94880199432373
22.423202514648438
52.320804595947266
37.372005462646484
49.82933807373047
24.914669036865234
34.88053894042969
37.372005462646484
32.389068603515625
14.94880199432373
29.89760398864746
17.440269470214844
32.389068603515625
19.93173599243164
12.457334518432617
37.372005462646484
22.423202514648438
24.914669036865234
12.457334518432617
14.94880199432373
9.96586799621582
22.423202514648438
19.93173599243164
14.94880199432373
12.457334518432617
9.96586799621582
4.98293399810791
17.440269470214844
19.93173599243164
9.96586799621582
9.96586799621582
22.423202514648438
19.93173599243164
12.457334518432617
9.96586799621582
19.93173599243164
12.457334518432617
12.457334518432617
14.94880199432373
14.94880199432373
22.423202514648438
27.40613555908203
12.457334518432617
12.457334518432617
7.474400997161865
12.457334518432617
14.94880199432373
12.457334518432617
12.457334518432617
32.389068603515625
12.457334518432617
9.96586799621582
14.94880199432373
17.440269470214844
12.457334518432617
19.93173599243164
24.914669036865234
19.93173599243164
32.389068603515625
9.96586799621582
14.94880199432373
7.474400997161865
17.440269470214844
22.423202514648438
29.89760398864746
39.86347198486328
34.88053894042969
99.65867614746094
