7852.96875
3478.08056640625
1955.8671875
1094.4595947265625
799.45703125
613.6054077148438
418.9036865234375
318.602783203125
283.2024841308594
241.90213012695312
191.75167846679688
168.15147399902344
109.15095520019531
115.05101013183594
118.00103759765625
88.50077819824219
91.4508056640625
70.80062103271484
76.70067596435547
64.90056610107422
64.90056610107422
50.15044021606445
50.15044021606445
67.85059356689453
44.250389099121094
53.100467681884766
38.350337982177734
23.60020637512207
41.30036163330078
23.60020637512207
11.800103187561035
14.750129699707031
32.45028305053711
53.100467681884766
41.30036163330078
35.40031051635742
38.350337982177734
17.70015525817871
26.550233840942383
38.350337982177734
17.70015525817871
14.750129699707031
26.550233840942383
14.750129699707031
20.65018081665039
38.350337982177734
23.60020637512207
17.70015525817871
26.550233840942383
29.500259399414062
17.70015525817871
14.750129699707031
20.65018081665039
8.850077629089355
11.800103187561035
8.850077629089355
2.950025796890259
26.550233840942383
5.900051593780518
5.900051593780518
14.750129699707031
11.800103187561035
20.65018081665039
11.800103187561035
14.750129699707031
5.900051593780518
26.550233840942383
8.850077629089355
20.65018081665039
14.750129699707031
20.65018081665039
23.60020637512207
20.65018081665039
23.60020637512207
2.950025796890259
20.65018081665039
11.800103187561035
8.850077629089355
11.800103187561035
11.800103187561035
29.500259399414062
20.65018081665039
17.70015525817871
17.70015525817871
11.800103187561035
5.900051593780518
14.750129699707031
20.65018081665039
26.550233840942383
17.70015525817871
29.500259399414062
8.850077629089355
2.950025796890259
20.65018081665039
11.800103187561035
17.70015525817871
29.500259399414062
38.350337982177734
35.40031051635742
94.40082550048828
