34373.625
18816.7421875
11053.947265625
6912.27294921875
4849.96923828125
3660.944580078125
2651.126953125
2147.640380859375
1743.7132568359375
1553.1279296875
1231.693115234375
1069.5533447265625
989.90576171875
813.543212890625
722.5173950195312
611.5797119140625
642.8698120117188
529.0875854492188
412.4607238769531
352.72503662109375
418.14984130859375
358.4141540527344
310.0566711425781
327.1240234375
312.9012451171875
301.52301025390625
292.9893493652344
236.09820556640625
236.09820556640625
159.29518127441406
216.18630981445312
182.0516357421875
193.4298553466797
173.51795959472656
136.53872680664062
170.67340087890625
147.9169464111328
130.849609375
105.24859619140625
176.36251831054688
156.45062255859375
125.1604995727539
102.40404510498047
110.93771362304688
108.09315490722656
108.09315490722656
116.62682342529297
116.62682342529297
79.64759063720703
119.47138214111328
73.9584732055664
73.9584732055664
116.62682342529297
128.0050506591797
82.49214935302734
85.33670043945312
65.4248046875
82.49214935302734
82.49214935302734
65.4248046875
93.87036895751953
76.80303192138672
76.80303192138672
76.80303192138672
73.9584732055664
71.11392211914062
79.64759063720703
54.04657745361328
62.58024978637695
62.58024978637695
62.58024978637695
45.512908935546875
62.58024978637695
59.73569107055664
79.64759063720703
54.04657745361328
65.4248046875
36.9792366027832
54.04657745361328
48.35746383666992
68.26936340332031
54.04657745361328
71.11392211914062
68.26936340332031
71.11392211914062
54.04657745361328
59.73569107055664
36.9792366027832
68.26936340332031
65.4248046875
82.49214935302734
65.4248046875
62.58024978637695
65.4248046875
65.4248046875
62.58024978637695
91.02581787109375
122.3159408569336
153.60606384277344
486.419189453125
