107117.65625
38900.69140625
14490.283203125
9908.6787109375
6574.453125
4002.4833984375
2192.769287109375
1145.3101806640625
817.8331298828125
764.0121459960938
715.9595947265625
670.031494140625
626.227783203125
584.5485229492188
544.9937133789062
507.563232421875
472.2572021484375
439.0755920410156
408.01837158203125
379.08563232421875
352.2772521972656
327.5932922363281
305.0337829589844
284.5986633300781
266.2879333496094
250.1016387939453
236.03976440429688
224.10231018066406
214.2874755859375
206.08843994140625
198.30581665039062
190.7661590576172
183.4694366455078
176.41566467285156
169.60482788085938
163.0369415283203
156.7119903564453
150.62998962402344
144.7909393310547
139.19482421875
133.84164428710938
128.73143005371094
123.86415100097656
119.23981475830078
114.85842895507812
110.719970703125
106.82447052001953
103.17191314697266
99.76229095458984
96.59562683105469
93.67189025878906
90.9911117553711
88.55327606201172
86.3583755493164
84.40642547607422
82.69741821289062
81.23135375976562
80.00823974609375
79.02806091308594
78.29083251953125
77.79654693603516
77.54520416259766
77.53680419921875
77.77134704589844
78.24884033203125
78.96926879882812
79.93264770507812
81.13897705078125
82.58824157714844
84.28044891357422
86.2155990600586
88.3936996459961
90.81474304199219
93.47872924804688
96.38565826416016
99.53553771972656
102.92835235595703
106.56411743164062
110.44282531738281
114.56446838378906
118.92906188964844
123.53660583496094
128.38710021972656
133.4805145263672
138.81687927246094
144.3961944580078
150.2184600830078
156.28366088867188
162.59181213378906
169.1428985595703
175.9369354248047
182.9739227294922
190.25384521484375
197.77671813964844
205.5425262451172
213.55128479003906
221.802978515625
230.29762268066406
239.03521728515625
248.0157470703125
