2612.9001274108887
2272.0896615982056
17.680696487426758
328.7273427248001
9.119448900222778
4.625227093696594
5.361672043800354
3.351412147283554
960.6107157468796
1.5543093085289001
2.240436226129532
3.7577770352363586
3.789610832929611
1.2108796834945679
1277.3476493805647
1.8474209010601044
0.9488694965839386
1.8163195252418518
2.1723662614822388
2.5468973219394684
1.1109759509563446
0.7179606556892395
1.828936606645584
0.8489657491445541
0.13100509345531464
1.1612940281629562
0.7364449501037598
0.7364449501037598
0.9799708425998688
0.13100509345531464
959.399836063385
1.9103560596704483
0.8489657491445541
1.1109759509563446
0.13100509345531464
0.0
0.9799708425998688
0.13100509345531464
1.1923954039812088
0.13100509345531464
0.9799708425998688
0.13100509345531464
0.2620101869106293
0.0
319.27121382951736
0.13100509345531464
0.13100509345531464
0.13100509345531464
0.0
0.7179606556892395
0.0
0.34342965483665466
0.13100509345531464
0.13100509345531464
0.7179606556892395
0.0
0.0
0.13100509345531464
0.0
0.0
0.0
0.0
0.0
0.0
0.7179606556892395
0.4744347482919693
0.0
0.6054398417472839
0.13100509345531464
0.9488694965839386
0.0
0.7179606556892395
0.7179606556892395
0.0
0.0
0.9799708425998688
0.0
1.1923954039812088
0.34342965483665466
0.0
1.435921311378479
0.13100509345531464
0.0
0.0
0.7179606556892395
0.13100509345531464
1.435921311378479
960.4612263739109
0.0
0.0
0.0
0.0
0.0
0.34342965483665466
1.0613903105258942
0.7179606556892395
1.1923954039812088
958.6633911132812
2.5972153395414352
961.7661426365376
