60.13806915283203
35.3429069519043
17.287681579589844
11.266580581665039
7.633942127227783
5.3431878089904785
4.887237548828125
3.10788631439209
1.7164157629013062
1.6038949489593506
2.8592257499694824
3.370628833770752
3.6082875728607178
1.4544055461883545
0.13100509345531464
0.8674499988555908
0.3930152952671051
2.665285110473633
1.1923953294754028
1.3234004974365234
1.3234004974365234
1.6979315280914307
1.9599416255950928
0.9799708127975464
0.8178644180297852
1.0613902807235718
1.3234004974365234
0.0
0.6550254821777344
1.3234004974365234
1.1923953294754028
1.910356044769287
1.110975980758667
0.13100509345531464
0.0
0.13100509345531464
0.5240203738212585
0.0
0.7364449501037598
0.8489657640457153
0.9799708127975464
0.13100509345531464
0.13100509345531464
0.0
0.13100509345531464
0.7179606556892395
0.0
0.7179606556892395
0.0
0.7179606556892395
0.2620101869106293
0.0
0.4744347333908081
0.7179606556892395
0.0
0.0
0.13100509345531464
0.13100509345531464
0.0
0.0
0.0
0.0
0.0
0.0
0.0
0.7179606556892395
0.34342965483665466
0.13100509345531464
0.0
1.0798746347427368
0.2620101869106293
0.34342965483665466
0.0
0.0
0.7179606556892395
0.8489657640457153
0.13100509345531464
0.13100509345531464
0.0
1.0613902807235718
0.34342965483665466
0.8489657640457153
0.7179606556892395
0.7179606556892395
0.0
0.0
0.7179606556892395
1.56692636013031
0.6054398417472839
1.1923953294754028
0.0
0.0
0.0
0.34342965483665466
0.0
1.435921311378479
0.4744347333908081
1.0613902807235718
2.46621036529541
3.2337567806243896
