101.40336608886719
114.12517547607422
106.32687377929688
162.29776000976562
162.4578857421875
155.6966552734375
138.55715942382812
164.8268585205078
168.39303588867188
155.00527954101562
166.52987670898438
177.20297241210938
147.20697021484375
154.49945068359375
231.97665405273438
159.74322509765625
224.1783447265625
189.25885009765625
161.10055541992188
140.07461547851562
232.8281707763672
144.65243530273438
227.39883422851562
185.6926727294922
174.83401489257812
185.6926727294922
211.13629150390625
187.90151977539062
195.3541259765625
208.075927734375
186.03836059570312
165.86392211914062
188.75302124023438
158.2257537841797
208.9274444580078
201.28927612304688
256.56878662109375
206.8787384033203
184.84115600585938
215.02273559570312
187.2101287841797
241.63812255859375
264.8728942871094
237.91180419921875
251.3249969482422
269.29058837890625
196.55133056640625
191.28211975097656
316.58624267578125
234.87689208984375
261.99810791015625
247.75881958007812
273.868408203125
296.41180419921875
230.299072265625
292.5253601074219
306.9247741699219
289.11932373046875
316.9319152832031
275.3858642578125
335.4287414550781
331.01104736328125
323.5584411621094
393.7431640625
394.2489929199219
393.23736572265625
336.25482177734375
462.7561340332031
400.71539306640625
477.3410949707031
494.6407470703125
417.3236389160156
503.4506530761719
510.2373046875
573.8209228515625
606.7171630859375
550.1057739257812
641.1309204101562
581.8048095703125
588.7515869140625
682.6768798828125
784.080322265625
884.1263427734375
1016.537353515625
1047.9161376953125
1064.7099609375
1130.31689453125
1063.0069580078125
1293.094970703125
1365.699462890625
1612.3958740234375
1900.6383056640625
2300.95703125
2439.85986328125
2815.080810546875
3611.672119140625
4667.84130859375
6516.87548828125
10831.6689453125
64455.2421875
