2410.171142578125
1295.0614013671875
1177.060302734375
752.256591796875
640.1556396484375
513.3045043945312
407.10357666015625
283.2024841308594
306.8027038574219
250.752197265625
182.901611328125
174.05152893066406
179.9515838623047
171.10150146484375
144.55126953125
85.55075073242188
135.70118713378906
118.00103759765625
91.4508056640625
97.3508529663086
85.55075073242188
53.100467681884766
50.15044021606445
61.95054244995117
70.80062103271484
85.55075073242188
47.20041275024414
67.85059356689453
38.350337982177734
41.30036163330078
59.000518798828125
47.20041275024414
26.550233840942383
35.40031051635742
32.45028305053711
32.45028305053711
41.30036163330078
23.60020637512207
35.40031051635742
32.45028305053711
29.500259399414062
17.70015525817871
38.350337982177734
23.60020637512207
44.250389099121094
32.45028305053711
26.550233840942383
23.60020637512207
35.40031051635742
41.30036163330078
23.60020637512207
14.750129699707031
29.500259399414062
14.750129699707031
35.40031051635742
8.850077629089355
23.60020637512207
29.500259399414062
32.45028305053711
23.60020637512207
14.750129699707031
17.70015525817871
23.60020637512207
29.500259399414062
17.70015525817871
26.550233840942383
11.800103187561035
14.750129699707031
8.850077629089355
14.750129699707031
23.60020637512207
35.40031051635742
23.60020637512207
20.65018081665039
29.500259399414062
14.750129699707031
17.70015525817871
26.550233840942383
17.70015525817871
20.65018081665039
20.65018081665039
14.750129699707031
23.60020637512207
11.800103187561035
20.65018081665039
32.45028305053711
8.850077629089355
32.45028305053711
29.500259399414062
23.60020637512207
20.65018081665039
17.70015525817871
38.350337982177734
32.45028305053711
44.250389099121094
29.500259399414062
50.15044021606445
82.60072326660156
47.20041275024414
238.9521026611328
