2398.37109375
1188.8604736328125
1247.8609619140625
731.6064453125
687.3560180664062
486.7542724609375
383.50335693359375
306.8027038574219
292.05255126953125
265.5023193359375
182.901611328125
215.3518829345703
177.00155639648438
159.3013916015625
135.70118713378906
132.75115966796875
112.10098266601562
97.3508529663086
100.3008804321289
97.3508529663086
94.40082550048828
47.20041275024414
76.70067596435547
53.100467681884766
56.05049133300781
82.60072326660156
53.100467681884766
56.05049133300781
35.40031051635742
41.30036163330078
56.05049133300781
41.30036163330078
44.250389099121094
41.30036163330078
41.30036163330078
38.350337982177734
44.250389099121094
11.800103187561035
29.500259399414062
38.350337982177734
29.500259399414062
23.60020637512207
29.500259399414062
35.40031051635742
29.500259399414062
23.60020637512207
26.550233840942383
41.30036163330078
35.40031051635742
32.45028305053711
32.45028305053711
26.550233840942383
20.65018081665039
26.550233840942383
17.70015525817871
20.65018081665039
17.70015525817871
20.65018081665039
41.30036163330078
17.70015525817871
29.500259399414062
26.550233840942383
23.60020637512207
17.70015525817871
20.65018081665039
23.60020637512207
14.750129699707031
17.70015525817871
17.70015525817871
17.70015525817871
20.65018081665039
20.65018081665039
11.800103187561035
17.70015525817871
14.750129699707031
32.45028305053711
26.550233840942383
11.800103187561035
23.60020637512207
29.500259399414062
20.65018081665039
23.60020637512207
5.900051593780518
20.65018081665039
11.800103187561035
26.550233840942383
38.350337982177734
23.60020637512207
26.550233840942383
20.65018081665039
20.65018081665039
20.65018081665039
41.30036163330078
29.500259399414062
35.40031051635742
35.40031051635742
59.000518798828125
70.80062103271484
44.250389099121094
238.9521026611328
