30920.33203125
19382.810546875
19849.31640625
16404.55859375
13002.46875
10499.2587890625
8664.51953125
7028.89990234375
5842.7197265625
4653.69482421875
4190.0322265625
3558.54052734375
3274.084716796875
2961.18359375
2514.588134765625
2198.84228515625
2107.816650390625
1786.381591796875
1695.3558349609375
1555.9725341796875
1354.009033203125
1294.2733154296875
1243.0712890625
1194.7138671875
1001.2839965820312
1095.154296875
873.2789306640625
887.501708984375
787.9421997070312
762.3411865234375
793.63134765625
665.6262817382812
645.71435546875
617.268798828125
583.1341552734375
588.8232421875
580.28955078125
551.843994140625
534.7766723632812
529.0875854492188
540.4657592773438
389.70428466796875
418.14984130859375
457.9736328125
477.8855285644531
375.4814758300781
415.3052978515625
352.72503662109375
366.94781494140625
341.3468017578125
366.94781494140625
349.8804931640625
332.8131408691406
321.4349060058594
304.3675842285156
335.6576843261719
295.8338928222656
352.72503662109375
238.94276428222656
230.4091033935547
236.09820556640625
233.25364685058594
230.4091033935547
233.25364685058594
301.52301025390625
250.3209991455078
216.18630981445312
256.0101013183594
201.96353149414062
210.4971923828125
219.03086853027344
238.94276428222656
196.2744140625
236.09820556640625
221.87542724609375
182.0516357421875
247.4764404296875
219.03086853027344
179.2070770263672
236.09820556640625
196.2744140625
176.36251831054688
204.80809020996094
213.3417510986328
207.65264892578125
247.4764404296875
147.9169464111328
219.03086853027344
204.80809020996094
213.3417510986328
275.9219970703125
199.1189727783203
258.85467529296875
199.1189727783203
250.3209991455078
210.4971923828125
233.25364685058594
295.8338928222656
386.8597106933594
827.7659912109375
