2355.763671875
1866.9139404296875
175.36241149902344
534.3936767578125
145.6358184814453
527.1192016601562
510.5650634765625
94.03253173828125
874.77587890625
113.55364227294922
-33.821632385253906
71.82868957519531
225.43267822265625
205.68455505371094
66.55567932128906
-2.5391712188720703
80.6580581665039
394.2969970703125
73.45386505126953
6.977725982666016
33.79587936401367
68.63066101074219
106.57894134521484
122.13737487792969
107.03353118896484
64.0904769897461
22.197572708129883
-1.7372676134109497
-7.511847972869873
3.3253393173217773
27.653562545776367
65.09793090820312
113.98152923583984
137.12136840820312
99.8255386352539
44.7652587890625
18.370697021484375
11.18664836883545
7.117625713348389
4.991562366485596
4.808096885681152
6.0834784507751465
7.3791913986206055
8.429059028625488
9.233081817626953
9.791259765625
10.103592872619629
10.17008113861084
9.990723609924316
9.565522193908691
8.911953926086426
8.208124160766602
7.558056354522705
6.9630537033081055
6.4231181144714355
5.938248157501221
5.508444309234619
5.133706092834473
4.8140339851379395
4.549428462982178
4.339888572692871
4.186824321746826
4.096292495727539
4.069918632507324
4.107702255249023
4.209643363952637
4.375742435455322
4.60599946975708
4.900413990020752
5.258986473083496
5.681716442108154
6.168603897094727
6.720142841339111
7.418241024017334
8.435543060302734
9.793920516967773
11.493374824523926
13.533904075622559
15.915508270263672
18.638187408447266
21.70194435119629
25.106775283813477
28.85268211364746
32.93966293334961
37.36772155761719
42.13096618652344
46.43730163574219
48.70368957519531
48.74185562133789
46.55179977416992
42.13352584838867
35.48702621459961
26.70440101623535
24.273269653320312
43.413211822509766
85.70840454101562
151.1588592529297
239.76454162597656
351.5254821777344
486.4416809082031
