188.99134826660156
5.4919962882995605
1.9804670810699463
2.095818281173706
1.862941861152649
0.3830288052558899
0.9151573181152344
0.6159051060676575
0.36562812328338623
0.13275183737277985
0.8640080690383911
0.0
0.31665289402008057
0.18390104174613953
0.36562812328338623
0.18390104174613953
0.7312562465667725
0.0
0.18390104174613953
0.0
0.0
0.0
0.0
0.18390104174613953
0.06637591868638992
0.0
0.0
0.18390104174613953
0.0
0.0
0.0
0.36562812328338623
0.36562812328338623
0.0
0.0
0.0
0.0
0.0
0.0
0.0
0.0
0.06637591868638992
0.0
0.06637591868638992
0.0
0.06637591868638992
0.0
0.36562812328338623
0.43200403451919556
0.0
0.36562812328338623
0.0
0.0
0.13275183737277985
0.36562812328338623
0.36562812328338623
0.18390104174613953
0.0
0.0
0.0
0.0
0.0
0.18390104174613953
0.0
0.0
0.06637591868638992
0.0
0.18390104174613953
0.0
0.0
0.0
0.0
0.0
0.18390104174613953
0.0
0.0
0.0
0.0
0.0
0.0
0.18390104174613953
0.0
0.0
0.0
0.0
0.0
0.36562812328338623
0.0
0.0
0.0
0.0
0.0
0.0
0.0
0.25027695298194885
0.0
0.0
0.0
0.0
0.0
