0.00102981214877218
0.0007961607770994306
0.0005822872626595199
0.00033966757473535836
0.0005247949156910181
5.9333349781809375e-05
0.00024261968792416155
0.0004852393758483231
0.0001653496001381427
0.0004367154324427247
0.00014557181566487998
4.852393612964079e-05
9.704787225928158e-05
6.830172060290352e-05
0.00024261968792416155
4.852393612964079e-05
0.00033966757473535836
0.00019409574451856315
0.00014557181566487998
0.00019409574451856315
4.852393612964079e-05
9.704787225928158e-05
0.00019409574451856315
9.704787225928158e-05
4.852393612964079e-05
4.852393612964079e-05
0.00033966757473535836
0.0002336513134650886
0.00018512738461140543
0.00014557181566487998
0.0001653496001381427
0.00019409574451856315
0.0001168256567325443
0.00035944534465670586
0.00014557181566487998
0.00019409574451856315
0.00024261968792416155
9.704787225928158e-05
0.00019409574451856315
0.00019409574451856315
0.0001653496001381427
6.830172060290352e-05
0.0
9.704787225928158e-05
9.704787225928158e-05
0.00029114363132975996
0.0001653496001381427
6.830172060290352e-05
0.00029114363132975996
0.00014557181566487998
0.0001168256567325443
0.000282175256870687
0.00019409574451856315
0.00014557181566487998
6.830172060290352e-05
0.00019409574451856315
0.00031092140125110745
0.00019409574451856315
0.00033966757473535836
0.0001168256567325443
4.852393612964079e-05
0.00019409574451856315
0.00018512738461140543
0.00029114363132975996
9.704787225928158e-05
0.0003881914890371263
0.0004079692589584738
0.0003881914890371263
0.00029114363132975996
6.830172060290352e-05
0.0002534290833864361
0.0004564932023640722
0.00035944534465670586
0.00033966757473535836
0.00029114363132975996
0.00020490516908466816
0.0005247949156910181
0.0005822872626595199
0.0005822872626595199
0.00035944534465670586
0.0005733188590966165
0.0006020650616846979
0.0006613984005525708
0.0004960487713105977
0.0005822872626595199
0.0008159385179169476
0.0008159385179169476
0.0010387804359197617
0.0010406215442344546
0.0012041301233693957
0.0009812881471589208
0.0015437976690009236
0.0021279258653521538
0.0018655284075066447
0.0019427984952926636
0.0032925005070865154
0.003556738840416074
0.00616990402340889
0.011254345066845417
1.1200956106185913
