10739.0380859375
395.9560241699219
162.44349670410156
124.37080383300781
65.99266815185547
50.76359176635742
32.996334075927734
38.07269287109375
30.458154678344727
27.91997528076172
25.38179588317871
15.229077339172363
22.843616485595703
0.0
10.152718544006348
17.767257690429688
7.614538669586182
5.076359272003174
12.690897941589355
10.152718544006348
17.767257690429688
10.152718544006348
15.229077339172363
15.229077339172363
12.690897941589355
15.229077339172363
7.614538669586182
5.076359272003174
10.152718544006348
2.538179636001587
5.076359272003174
5.076359272003174
5.076359272003174
5.076359272003174
2.538179636001587
5.076359272003174
5.076359272003174
0.0
5.076359272003174
5.076359272003174
5.076359272003174
0.0
7.614538669586182
0.0
10.152718544006348
0.0
5.076359272003174
2.538179636001587
2.538179636001587
2.538179636001587
2.538179636001587
2.538179636001587
2.538179636001587
2.538179636001587
0.0
12.690897941589355
2.538179636001587
2.538179636001587
7.614538669586182
0.0
5.076359272003174
2.538179636001587
5.076359272003174
2.538179636001587
5.076359272003174
2.538179636001587
0.0
0.0
5.076359272003174
0.0
2.538179636001587
0.0
0.0
0.0
2.538179636001587
5.076359272003174
0.0
2.538179636001587
2.538179636001587
2.538179636001587
2.538179636001587
2.538179636001587
2.538179636001587
0.0
2.538179636001587
0.0
0.0
5.076359272003174
0.0
0.0
5.076359272003174
2.538179636001587
7.614538669586182
5.076359272003174
2.538179636001587
2.538179636001587
0.0
5.076359272003174
2.538179636001587
48.22541427612305
