183439.875
4701.48974609375
2011.8087158203125
972.2833251953125
661.51611328125
468.8768310546875
383.4612731933594
243.52517700195312
227.16900634765625
178.10049438476562
156.2922821044922
127.21464538574219
107.22377014160156
98.13700866699219
110.85847473144531
89.05024719238281
72.69408416748047
69.05937957763672
65.42467498779297
52.703208923339844
41.799095153808594
47.25115203857422
58.15526580810547
54.52056121826172
36.347042083740234
32.712337493896484
41.799095153808594
27.26028060913086
34.52968978881836
34.52968978881836
32.712337493896484
27.26028060913086
23.62557601928711
18.173521041870117
25.442928314208984
25.442928314208984
23.62557601928711
23.62557601928711
12.721464157104492
25.442928314208984
14.538816452026367
18.173521041870117
14.538816452026367
21.808223724365234
23.62557601928711
14.538816452026367
14.538816452026367
9.086760520935059
9.086760520935059
14.538816452026367
14.538816452026367
21.808223724365234
16.356168746948242
14.538816452026367
29.077632904052734
7.269408226013184
7.269408226013184
7.269408226013184
0.0
9.086760520935059
16.356168746948242
10.904111862182617
7.269408226013184
14.538816452026367
12.721464157104492
10.904111862182617
9.086760520935059
5.452055931091309
14.538816452026367
10.904111862182617
5.452055931091309
12.721464157104492
9.086760520935059
12.721464157104492
5.452055931091309
9.086760520935059
9.086760520935059
10.904111862182617
10.904111862182617
7.269408226013184
7.269408226013184
14.538816452026367
10.904111862182617
7.269408226013184
10.904111862182617
19.99087142944336
9.086760520935059
9.086760520935059
16.356168746948242
3.634704113006592
10.904111862182617
7.269408226013184
9.086760520935059
12.721464157104492
14.538816452026367
14.538816452026367
21.808223724365234
18.173521041870117
25.442928314208984
39.98174285888672
