8898.1669921875
508.90869140625
314.0224609375
159.2356719970703
31.608020782470703
111.22429656982422
130.8892822265625
117.49794006347656
103.60173797607422
89.3868408203125
75.6551284790039
63.344120025634766
52.506988525390625
43.14374542236328
35.25437927246094
28.83890151977539
23.897300720214844
20.42958641052246
18.435752868652344
17.698036193847656
17.241479873657227
16.793346405029297
16.353622436523438
15.922308921813965
15.499405860900879
15.08491325378418
14.67883014678955
14.281158447265625
13.891897201538086
13.511046409606934
13.138605117797852
12.774574279785156
12.418953895568848
12.071743965148926
11.732943534851074
11.402554512023926
11.080574989318848
10.767005920410156
10.461847305297852
10.165099143981934
9.876761436462402
9.596834182739258
9.3253173828125
9.062210083007812
8.807513236999512
8.561226844787598
8.323351860046387
8.09388542175293
7.872829914093018
7.66018533706665
7.455950736999512
7.260126113891602
7.072712421417236
6.8937087059021
6.72311544418335
6.560932159423828
6.407159805297852
6.2617974281311035
6.124845027923584
5.996303558349609
5.876172065734863
5.764451026916504
5.661139965057373
5.566239833831787
5.47974967956543
5.401669979095459
5.332000255584717
5.270740985870361
5.217892169952393
5.1734538078308105
5.137425899505615
5.10980749130249
5.090600490570068
5.079802989959717
5.077415943145752
5.083439350128174
5.097873210906982
5.1207170486450195
5.151971817016602
5.191636085510254
5.239711284637451
5.296196460723877
5.361092567443848
5.434398651123047
5.516114711761475
5.606241226196289
5.70477819442749
5.811725616455078
5.927083492279053
6.050851345062256
6.1830291748046875
6.323617935180664
6.472616672515869
6.630025863647461
6.795845985412598
6.970075607299805
7.152715682983398
7.343766212463379
7.543227195739746
7.7510986328125
