167740.86700439453
15418.381700515747
5158.989521980286
663.862343788147
974.3561244010925
329.1144907474518
3840.065289378166
4.543807685375214
641.3572024106979
1.9784260094165802
1280.3563643097878
1923.1755059361458
320.51319485902786
4.070105314254761
1.8977389931678772
961.0666661858559
0.5240203738212585
1.9288403391838074
2.3847908079624176
0.6054398417472839
0.3930152952671051
1.1923954039812088
0.6054398417472839
318.94626846909523
2.7778061032295227
1.1923954039812088
0.13100509345531464
0.4744347482919693
0.6054398417472839
0.2620101869106293
958.7943962067366
1.435921311378479
0.6054398417472839
1.3729861378669739
318.68425826728344
959.1378258615732
0.7179606556892395
0.7364449501037598
959.7743670642376
0.13100509345531464
318.5532531738281
0.2620101869106293
0.4744347482919693
1.1923954039812088
0.9488694965839386
1.0302889347076416
0.0
0.34342965483665466
0.6054398417472839
0.0
958.6633911132812
3.0028477162122726
0.6868593096733093
0.13100509345531464
0.0
0.8489657491445541
0.7179606556892395
0.0
0.3930152952671051
0.0
0.0
0.8489657491445541
0.0
0.8489657491445541
0.13100509345531464
1.0613903105258942
0.13100509345531464
0.2620101869106293
1.1923954039812088
0.6054398417472839
0.13100509345531464
0.34342965483665466
318.68425826728344
0.8489657491445541
1.1923954039812088
0.13100509345531464
0.0
0.2620101869106293
0.9799708425998688
0.13100509345531464
0.0
0.0
0.13100509345531464
0.0
0.0
0.0
0.0
0.6054398417472839
0.0
0.0
0.7179606556892395
1.0613903105258942
0.0
0.13100509345531464
0.2620101869106293
0.13100509345531464
0.3930152952671051
2.497311681509018
1.1923954039812088
6.143300235271454
