1205.5955810546875
116.78134155273438
52.71370315551758
26.3582763671875
12.732261657714844
12.10914134979248
9.887442588806152
5.064763069152832
5.0769548416137695
4.028435230255127
3.747912645339966
2.5568199157714844
3.157310724258423
2.831420421600342
2.592298984527588
1.7491769790649414
2.5684633255004883
2.0726547241210938
1.5926566123962402
0.7972058653831482
0.3986029326915741
1.927777886390686
1.290053367614746
1.4215319156646729
1.338930606842041
0.6511228084564209
0.5196442604064941
1.3255321979522705
0.9048488140106201
1.2766549587249756
0.7838074564933777
0.6627660989761353
1.000848412513733
0.6272872090339661
1.0613690614700317
0.3380822539329529
0.27756160497665405
0.5551232099533081
1.2650115489959717
0.21704094111919403
0.8914504051208496
0.2420826554298401
0.0
0.43408188223838806
0.6627660989761353
0.9403277635574341
0.21704094111919403
0.6627660989761353
0.12104132771492004
0.5300814509391785
0.18156199157238007
0.8309297561645508
0.8914504051208496
0.9874500036239624
0.8192864656448364
0.8192864656448364
0.156520277261734
0.770409107208252
1.2766549587249756
0.12104132771492004
0.21704094111919403
0.12104132771492004
0.3986029326915741
0.5417248010635376
0.06052066385746002
0.9874500036239624
0.21704094111919403
0.5667665600776672
0.6022454500198364
0.156520277261734
0.18156199157238007
0.4591236114501953
0.5062458515167236
0.43408188223838806
0.12104132771492004
0.7587657570838928
0.8309297561645508
0.4457252025604248
0.12104132771492004
0.6627660989761353
0.27756160497665405
0.12104132771492004
0.6022454500198364
0.37356120347976685
0.06052066385746002
0.12104132771492004
0.156520277261734
0.06052066385746002
0.6627660989761353
0.6878079175949097
0.7587657570838928
0.5062458515167236
0.5667665600776672
0.4457252025604248
0.3380822539329529
0.27756160497665405
0.5667665600776672
0.6022454500198364
2.0354206562042236
5.661085605621338
