0.21041952818632126
0.21706005837768316
0.22229607310146093
0.25801173970103264
0.24515582248568535
0.234683807939291
0.17755594663321972
0.20709925144910812
0.19709543138742447
0.12234382145106792
0.10710398759692907
0.15567557886242867
0.15375983528792858
0.1018679803237319
0.15422801580280066
0.14328783564269543
0.1275798212736845
0.1718517653644085
0.1409039180725813
0.19517969712615013
0.09663198050111532
0.1694678496569395
0.09901588968932629
0.1299637369811535
0.106635807082057
0.10710398759692907
0.1437560161575675
0.11710781417787075
0.1018679803237319
0.07283587194979191
0.1718517653644085
0.15375983528792858
0.12804800178855658
0.1299637369811535
0.15375983528792858
0.14613991789519787
0.16091157868504524
0.13281582854688168
0.10093162581324577
0.19564787857234478
0.1827919464558363
0.14043574407696724
0.16091157868504524
0.15329166129231453
0.1299637369811535
0.15899585001170635
0.16708394698798656
0.16661576554179192
0.16137975081801414
0.1275798212736845
0.14328783564269543
0.12519591115415096
0.1790034994482994
0.2137397937476635
0.20088387839496136
0.11995990388095379
0.17231994681060314
0.16708394698798656
0.15422801580280066
0.1580594852566719
0.2808714881539345
0.22851144522428513
0.2694631293416023
0.2199551835656166
0.20233143121004105
0.27848757058382034
0.28657567128539085
0.2956431433558464
0.18709160014986992
0.3441716991364956
0.3256116136908531
0.192795779556036
0.3299112543463707
0.2813396714627743
0.37418320029973984
0.397979311645031
0.3089672401547432
0.4474872574210167
0.39559539407491684
0.3565594479441643
0.45842742174863815
0.49175920337438583
0.481755368411541
0.6721672266721725
0.519854947924614
0.5826869755983353
0.7321472018957138
0.7264859974384308
0.7802505940198898
0.7878705114126205
0.9377989023923874
0.9811344593763351
1.2667737305164337
1.4519496858119965
1.8237489759922028
2.505026638507843
3.2986013889312744
4.819130301475525
9.094184398651123
306.4525909423828
