14101.703125
2197.473876953125
881.9793090820312
475.87017822265625
328.8736267089844
176.89414978027344
139.52215576171875
127.06481170654297
122.08187866210938
67.26960754394531
94.67574310302734
79.72694396972656
44.846405029296875
64.77813720703125
52.320804595947266
37.372005462646484
34.88053894042969
44.846405029296875
37.372005462646484
39.86347198486328
27.40613555908203
9.96586799621582
19.93173599243164
17.440269470214844
24.914669036865234
17.440269470214844
27.40613555908203
29.89760398864746
19.93173599243164
12.457334518432617
14.94880199432373
7.474400997161865
17.440269470214844
17.440269470214844
9.96586799621582
19.93173599243164
19.93173599243164
14.94880199432373
9.96586799621582
12.457334518432617
4.98293399810791
12.457334518432617
9.96586799621582
19.93173599243164
4.98293399810791
12.457334518432617
9.96586799621582
12.457334518432617
7.474400997161865
14.94880199432373
4.98293399810791
9.96586799621582
2.491466999053955
4.98293399810791
7.474400997161865
4.98293399810791
17.440269470214844
7.474400997161865
4.98293399810791
4.98293399810791
12.457334518432617
9.96586799621582
7.474400997161865
9.96586799621582
17.440269470214844
2.491466999053955
12.457334518432617
2.491466999053955
7.474400997161865
7.474400997161865
4.98293399810791
4.98293399810791
4.98293399810791
2.491466999053955
4.98293399810791
9.96586799621582
9.96586799621582
2.491466999053955
7.474400997161865
4.98293399810791
12.457334518432617
7.474400997161865
12.457334518432617
9.96586799621582
4.98293399810791
7.474400997161865
9.96586799621582
7.474400997161865
9.96586799621582
4.98293399810791
14.94880199432373
4.98293399810791
2.491466999053955
4.98293399810791
2.491466999053955
9.96586799621582
14.94880199432373
17.440269470214844
2.491466999053955
62.28667449951172
