14204.375
2165.319091796875
840.7573852539062
489.70428466796875
336.3029479980469
188.80165100097656
115.05101013183594
144.55126953125
103.25090789794922
82.60072326660156
61.95054244995117
91.4508056640625
70.80062103271484
44.250389099121094
35.40031051635742
38.350337982177734
56.05049133300781
56.05049133300781
23.60020637512207
20.65018081665039
29.500259399414062
17.70015525817871
20.65018081665039
11.800103187561035
17.70015525817871
17.70015525817871
23.60020637512207
23.60020637512207
11.800103187561035
17.70015525817871
11.800103187561035
20.65018081665039
17.70015525817871
14.750129699707031
14.750129699707031
20.65018081665039
14.750129699707031
11.800103187561035
17.70015525817871
5.900051593780518
14.750129699707031
8.850077629089355
5.900051593780518
8.850077629089355
8.850077629089355
8.850077629089355
8.850077629089355
11.800103187561035
11.800103187561035
8.850077629089355
5.900051593780518
11.800103187561035
5.900051593780518
17.70015525817871
5.900051593780518
11.800103187561035
2.950025796890259
11.800103187561035
0.0
14.750129699707031
0.0
11.800103187561035
17.70015525817871
5.900051593780518
11.800103187561035
20.65018081665039
5.900051593780518
2.950025796890259
0.0
5.900051593780518
5.900051593780518
8.850077629089355
5.900051593780518
0.0
2.950025796890259
2.950025796890259
5.900051593780518
5.900051593780518
8.850077629089355
2.950025796890259
8.850077629089355
5.900051593780518
14.750129699707031
5.900051593780518
5.900051593780518
14.750129699707031
8.850077629089355
5.900051593780518
5.900051593780518
23.60020637512207
2.950025796890259
0.0
8.850077629089355
5.900051593780518
2.950025796890259
8.850077629089355
17.70015525817871
11.800103187561035
5.900051593780518
56.05049133300781
