69355.984375
13588.447265625
5899.61083984375
3092.033203125
1971.27783203125
1382.45458984375
964.3047485351562
856.2116088867188
691.227294921875
500.6419982910156
438.0617370605469
406.7716064453125
281.6111145019531
321.4349060058594
281.6111145019531
224.71998596191406
233.25364685058594
182.0516357421875
187.74073791503906
145.0723876953125
150.76150512695312
119.47138214111328
96.71492767333984
142.22784423828125
116.62682342529297
108.09315490722656
102.40404510498047
88.18125915527344
91.02581787109375
62.58024978637695
68.26936340332031
65.4248046875
68.26936340332031
96.71492767333984
68.26936340332031
79.64759063720703
31.290124893188477
71.11392211914062
36.9792366027832
51.202022552490234
42.66835021972656
45.512908935546875
54.04657745361328
34.134681701660156
31.290124893188477
34.134681701660156
36.9792366027832
39.823795318603516
34.134681701660156
31.290124893188477
42.66835021972656
22.756454467773438
31.290124893188477
42.66835021972656
48.35746383666992
25.601011276245117
36.9792366027832
22.756454467773438
19.911897659301758
34.134681701660156
34.134681701660156
36.9792366027832
36.9792366027832
25.601011276245117
34.134681701660156
28.445568084716797
19.911897659301758
34.134681701660156
31.290124893188477
39.823795318603516
31.290124893188477
25.601011276245117
34.134681701660156
22.756454467773438
19.911897659301758
22.756454467773438
25.601011276245117
22.756454467773438
19.911897659301758
22.756454467773438
14.222784042358398
17.067340850830078
34.134681701660156
14.222784042358398
28.445568084716797
25.601011276245117
22.756454467773438
36.9792366027832
22.756454467773438
22.756454467773438
22.756454467773438
36.9792366027832
42.66835021972656
22.756454467773438
39.823795318603516
56.891136169433594
73.9584732055664
56.891136169433594
54.04657745361328
250.3209991455078
