162860.34375
24659.458984375
1435.83740234375
947.040283203125
960.5032958984375
952.18798828125
922.09423828125
870.2222900390625
798.0117797851562
720.66455078125
647.3048706054688
578.0568237304688
512.92041015625
451.8956298828125
394.9824523925781
342.1809387207031
293.4910583496094
248.9127960205078
208.44618225097656
172.09117126464844
139.84780883789062
111.71609497070312
87.69599914550781
67.78753662109375
51.99070739746094
40.305511474609375
32.73194885253906
29.27001953125
29.915639877319336
33.52070617675781
37.36815643310547
41.06499099731445
44.6112060546875
48.006805419921875
51.25178146362305
54.34614562988281
57.28989028930664
60.0830192565918
62.72552490234375
65.21741485595703
67.5586929321289
69.74934387207031
71.78938293457031
73.67880249023438
75.4176025390625
77.00578308105469
78.443359375
79.73030090332031
80.86663055419922
81.85234832763672
82.68743896484375
83.37191772460938
83.90576934814453
84.28900909423828
84.52163696289062
84.60364532470703
84.53502655029297
84.3157958984375
83.94595336914062
83.42548370361328
82.75440216064453
81.93270111083984
80.96038055419922
79.83744049072266
78.56388854980469
77.13970947265625
75.56492614746094
73.83951568603516
71.96349334716797
69.93684387207031
67.75958251953125
65.43170166015625
62.95320129394531
60.32408905029297
57.54435348510742
54.6140022277832
51.53303146362305
48.301448822021484
44.91923904418945
41.386417388916016
37.70297622680664
33.868919372558594
29.884241104125977
25.748945236206055
21.46303367614746
17.026504516601562
12.439355850219727
7.701590538024902
2.813206911087036
-2.225794792175293
-7.415413856506348
-12.755650520324707
-18.246505737304688
-23.88797950744629
-29.680070877075195
-35.622779846191406
-41.71610641479492
-47.960052490234375
-54.354610443115234
-60.8997917175293
