1290.9990215301514
979.3566145896912
10.425830364227295
963.9754775762558
4.607475191354752
3.364761710166931
2.5157959163188934
0.34342965483665466
1.9103560596704483
0.2620101869106293
0.8489657491445541
1.7164157927036285
960.5603976845741
4.611877501010895
2.6519357562065125
5.935277938842773
322.0408051908016
4.63036185503006
4.468255281448364
3.6134223639965057
4.693297028541565
4.300281643867493
1280.7678639888763
3.0449511408805847
4.868752896785736
322.6595945954323
2.7148709297180176
2.4217593669891357
320.6130986213684
3.6948418021202087
2.8954617083072662
1.6038950085639954
2.646800994873047
2.665285289287567
1.8163195252418518
1.797835260629654
0.8489657491445541
959.7928513586521
2.303371340036392
0.6550254821777344
2.565381556749344
0.9799708425998688
1.8970065712928772
1.1109759509563446
0.2620101869106293
1.4728899002075195
1.3234004974365234
2.0909467935562134
0.917035698890686
0.998455137014389
1.1109759509563446
1.9288403391838074
0.9799708425998688
1.9288403391838074
3.9517172276973724
1.4544056057929993
0.3930152952671051
0.8674500286579132
0.817864403128624
1.435921311378479
0.3930152952671051
0.6054398417472839
0.13100509345531464
1.7164157927036285
0.0
1.7164157927036285
0.4744347482919693
0.0
0.2620101869106293
1.241981029510498
0.6868593096733093
0.2620101869106293
959.7743670642376
1.5358250588178635
319.614643484354
0.4744347482919693
1.1923954039812088
0.13100509345531464
0.7179606556892395
1.5854106843471527
1.435921311378479
0.4744347482919693
0.7179606556892395
0.8489657491445541
0.0
0.2620101869106293
1.1923954039812088
0.4744347482919693
0.13100509345531464
0.0
0.8489657491445541
0.13100509345531464
1.9103560596704483
1918.175747975707
0.7179606556892395
0.3930152952671051
0.817864403128624
0.0
1.3234004974365234
962.1095722615719
