14.044387817382812
20.562219619750977
10.76926040649414
5.899042129516602
3.4150795936584473
4.344732761383057
2.7282204627990723
0.8489657640457153
0.34342965483665466
0.2620101869106293
1.779350996017456
0.5240203738212585
1.1294602155685425
3.351412296295166
4.417937278747559
5.673267841339111
4.205512523651123
3.9938206672668457
4.992275714874268
3.369896411895752
5.5733642578125
4.531190395355225
2.9953653812408447
5.067828178405762
3.7133259773254395
4.3817009925842285
2.6519358158111572
3.4017302989959717
2.908811092376709
1.260465383529663
1.5224756002426147
3.645256280899048
2.4528608322143555
1.9473246335983276
2.4343764781951904
0.6054398417472839
1.1923953294754028
2.5653815269470215
2.109431028366089
0.7179606556892395
2.4343764781951904
0.3930152952671051
1.7660014629364014
1.1294602155685425
1.8289365768432617
1.6038949489593506
1.4544055461883545
0.5240203738212585
1.260465383529663
1.5854105949401855
0.9799708127975464
0.6054398417472839
2.759321689605713
2.3033714294433594
1.5358250141143799
1.5039912462234497
1.4544055461883545
0.3930152952671051
1.1923953294754028
0.8674499988555908
0.3930152952671051
0.6054398417472839
1.6979315280914307
0.8489657640457153
0.8178644180297852
0.3930152952671051
0.13100509345531464
0.6054398417472839
0.3930152952671051
0.8178644180297852
0.9799708127975464
1.1923953294754028
0.6054398417472839
1.5358250141143799
0.7179606556892395
0.9799708127975464
0.4744347333908081
0.2620101869106293
0.8489657640457153
1.910356044769287
0.0
1.1923953294754028
0.0
0.8489657640457153
0.8489657640457153
0.4744347333908081
0.3930152952671051
0.34342965483665466
0.13100509345531464
0.7179606556892395
0.7179606556892395
0.9799708127975464
0.34342965483665466
1.56692636013031
0.2620101869106293
0.2620101869106293
0.6868593096733093
0.13100509345531464
1.5358250141143799
3.1027514934539795
