2046.2320556640625
13342.7041015625
11326.041015625
6025.87646484375
5645.2216796875
3331.15478515625
1796.4810791015625
3462.05859375
2992.12548828125
2266.413818359375
1796.4810791015625
1623.9522705078125
2010.6348876953125
2046.2320556640625
1790.452880859375
3033.750732421875
4693.30029296875
4258.96484375
7381.994140625
7251.08984375
8779.736328125
11557.7080078125
10617.8427734375
10713.1484375
13401.8427734375
15180.240234375
17970.267578125
16030.826171875
20611.306640625
21878.71875
25822.193359375
25762.486328125
30063.64453125
29319.849609375
32538.185546875
33454.5078125
34769.0
28706.95703125
39420.67578125
34215.8203125
38010.87890625
39409.19140625
42329.55078125
41401.7421875
43596.9609375
47737.08203125
47177.8671875
51342.09375
45321.67578125
50223.67578125
50854.08203125
53174.17578125
51163.54296875
56089.078125
58087.65625
56469.734375
58515.96484375
57409.59765625
59586.734375
62120.984375
67468.8046875
57278.6953125
60139.91796875
71966.03125
67385.5546875
66356.40625
64875.4140625
54964.62890625
67088.140625
69836.546875
67028.4375
65160.76171875
70770.3828125
61894.7734375
60996.53125
68034.0390625
60104.3203125
66612.1875
67986.390625
63096.4453125
62133.0390625
67552.0546875
58842.9375
63614.03125
63281.03125
66124.1640625
59753.234375
62840.6640625
64416.96875
64226.3515625
67646.7890625
64577.4375
72197.703125
70704.6484375
77236.0546875
82131.453125
83910.421875
102731.84375
125669.28125
386033.59375
