596.4722290039062
1261.4752197265625
566.0140380859375
279.19976806640625
223.35980224609375
134.5235137939453
76.1453857421875
101.52718353271484
73.60720825195312
53.30177307128906
45.687232971191406
58.37813186645508
71.06903076171875
81.22174835205078
86.29811096191406
93.91264343261719
149.75259399414062
149.75259399414062
172.59622192382812
218.283447265625
233.5125274658203
192.9016571044922
218.283447265625
208.13072204589844
238.58888244628906
213.20709228515625
203.0543670654297
243.6652374267578
200.5161895751953
200.5161895751953
175.1343994140625
177.67257690429688
157.3671417236328
139.59988403320312
154.82896423339844
139.59988403320312
144.67623901367188
172.59622192382812
124.37080383300781
159.9053192138672
116.75626373291016
152.290771484375
109.1417236328125
111.67990112304688
91.37446594238281
119.29444122314453
144.67623901367188
81.22174835205078
121.8326187133789
101.52718353271484
81.22174835205078
104.06536102294922
58.37813186645508
60.91630935668945
48.22541427612305
48.22541427612305
76.1453857421875
65.99266815185547
81.22174835205078
68.53085327148438
60.91630935668945
76.1453857421875
58.37813186645508
55.83995056152344
43.14905548095703
60.91630935668945
76.1453857421875
73.60720825195312
50.76359176635742
68.53085327148438
43.14905548095703
63.454490661621094
48.22541427612305
43.14905548095703
50.76359176635742
65.99266815185547
43.14905548095703
27.91997528076172
38.07269287109375
30.458154678344727
22.843616485595703
35.534515380859375
53.30177307128906
50.76359176635742
27.91997528076172
40.61087417602539
63.454490661621094
71.06903076171875
38.07269287109375
38.07269287109375
50.76359176635742
30.458154678344727
32.996334075927734
50.76359176635742
32.996334075927734
43.14905548095703
53.30177307128906
68.53085327148438
55.83995056152344
190.36346435546875
