492.6543273925781
1298.0113525390625
539.854736328125
295.0025939941406
241.90213012695312
126.85111236572266
100.3008804321289
76.70067596435547
94.40082550048828
47.20041275024414
56.05049133300781
61.95054244995117
82.60072326660156
59.000518798828125
106.20093536376953
123.90108489990234
123.90108489990234
174.05152893066406
162.2514190673828
247.8021697998047
188.80165100097656
209.45184326171875
212.40187072753906
236.0020751953125
209.45184326171875
227.15199279785156
250.752197265625
212.40187072753906
203.55178833007812
191.75167846679688
162.2514190673828
165.20144653320312
165.20144653320312
150.45132446289062
156.35137939453125
141.6012420654297
150.45132446289062
123.90108489990234
141.6012420654297
147.5012969970703
147.5012969970703
126.85111236572266
120.95106506347656
82.60072326660156
109.15095520019531
100.3008804321289
153.40135192871094
115.05101013183594
97.3508529663086
91.4508056640625
88.50077819824219
76.70067596435547
85.55075073242188
64.90056610107422
70.80062103271484
79.65069580078125
59.000518798828125
61.95054244995117
73.75064849853516
73.75064849853516
76.70067596435547
35.40031051635742
85.55075073242188
44.250389099121094
53.100467681884766
44.250389099121094
94.40082550048828
59.000518798828125
44.250389099121094
41.30036163330078
82.60072326660156
61.95054244995117
61.95054244995117
44.250389099121094
47.20041275024414
26.550233840942383
56.05049133300781
41.30036163330078
41.30036163330078
35.40031051635742
38.350337982177734
41.30036163330078
41.30036163330078
44.250389099121094
35.40031051635742
47.20041275024414
44.250389099121094
47.20041275024414
76.70067596435547
41.30036163330078
44.250389099121094
38.350337982177734
35.40031051635742
38.350337982177734
56.05049133300781
44.250389099121094
44.250389099121094
47.20041275024414
70.80062103271484
174.05152893066406
