7685.9921875
16640.65625
7870.888671875
4209.94384765625
2483.298095703125
1615.708251953125
1217.4703369140625
841.98876953125
651.4035034179688
611.5797119140625
611.5797119140625
620.1133422851562
890.3462524414062
992.7503051757812
1237.3822021484375
1769.3143310546875
2284.178955078125
2676.727783203125
3180.21435546875
3416.312744140625
3663.7890625
3934.02197265625
4135.9853515625
4266.8349609375
4309.50341796875
4355.0166015625
4175.80908203125
4426.13037109375
4366.39453125
4238.3896484375
3751.970458984375
3840.151611328125
3672.32275390625
3493.11572265625
3441.91357421875
3319.59765625
3220.038330078125
2989.629150390625
2884.380615234375
2892.914306640625
2668.1943359375
2580.012939453125
2477.60888671875
2161.863037109375
1994.0343017578125
1928.6094970703125
2050.92529296875
1868.873779296875
1962.744140625
1695.3558349609375
1723.8013916015625
1541.749755859375
1447.87939453125
1379.6099853515625
1336.941650390625
1334.09716796875
1373.9208984375
1265.8277587890625
1115.0662841796875
1137.82275390625
1191.8692626953125
1058.1751708984375
975.6829833984375
969.9938354492188
930.1700439453125
830.610595703125
830.610595703125
657.0925903320312
844.8333740234375
819.2323608398438
739.5847778320312
756.652099609375
748.118408203125
682.693603515625
617.268798828125
679.8490600585938
614.4242553710938
628.6470336914062
640.0252685546875
503.4865417480469
483.57464599609375
480.7301025390625
420.994384765625
446.59539794921875
477.8855285644531
452.2845153808594
435.2171936035156
361.2586975097656
386.8597106933594
406.7716064453125
384.0151672363281
352.72503662109375
341.3468017578125
378.3260498046875
284.4556884765625
315.74578857421875
349.8804931640625
332.8131408691406
324.27947998046875
588.8232421875
