608.5803833007812
1148.9287109375
819.2003173828125
631.388916015625
444.3345947265625
141.5365753173828
47.77650833129883
39.471282958984375
35.692752838134766
35.996368408203125
38.95502853393555
46.20638656616211
210.39990234375
436.7747497558594
80.63885498046875
14.728253364562988
2.7984657287597656
194.83132934570312
377.1772766113281
60.002586364746094
155.6029510498047
365.2093505859375
161.76197814941406
26.521780014038086
46.3226432800293
79.6617431640625
92.14610290527344
71.90679168701172
19.295778274536133
3.9645235538482666
162.50225830078125
303.0660400390625
128.52789306640625
-25.200952529907227
177.95391845703125
296.1029968261719
134.3566131591797
21.37814712524414
-20.158945083618164
-3.8134207725524902
40.11494064331055
128.6447296142578
256.04095458984375
153.82608032226562
19.53605079650879
-13.737491607666016
-0.06394507735967636
11.560281753540039
19.412925720214844
23.493989944458008
23.667701721191406
18.550552368164062
7.343029499053955
3.6234209537506104
48.54197692871094
146.99183654785156
191.3584747314453
96.07743072509766
37.601478576660156
17.53886604309082
7.447722434997559
5.727964878082275
7.948098659515381
12.918648719787598
20.639598846435547
31.11095428466797
44.312992095947266
57.84232711791992
67.02168273925781
71.31233215332031
70.71428680419922
65.2275390625
54.86497116088867
41.76301193237305
30.424861907958984
21.420995712280273
14.751416206359863
10.416120529174805
8.415108680725098
8.45112133026123
8.842094421386719
8.997027397155762
8.915275573730469
8.59683895111084
8.041715621948242
7.254916667938232
6.910165309906006
8.353935241699219
11.746365547180176
18.525333404541016
44.24649429321289
98.42119598388672
180.90499877929688
265.8036804199219
306.68487548828125
298.7155456542969
244.15078735351562
182.34152221679688
146.73196411132812
138.38609313964844
